# unix_time, cycles_done, cur_path, paths_total, pending_total, pending_favs, map_size, unique_crashes, unique_hangs, max_depth, execs_per_sec
1669643999, 0, 0, 1, 1, 1, 1.36%, 0, 0, 1, 1142.86
1669644004, 0, 0, 104, 104, 1, 2.01%, 0, 0, 2, 1406.33
1669644009, 0, 0, 116, 116, 1, 2.06%, 0, 0, 2, 1366.61
1669644014, 0, 0, 124, 124, 1, 2.12%, 0, 0, 2, 1370.97
1669644019, 0, 0, 128, 128, 1, 2.13%, 0, 0, 2, 1492.88
1669644035, 0, 0, 130, 130, 1, 2.13%, 0, 0, 2, 1465.12
1669644040, 0, 0, 134, 134, 1, 2.15%, 0, 0, 2, 1415.32
1669644045, 0, 0, 170, 170, 1, 2.24%, 0, 0, 2, 1428.85
1669644050, 0, 0, 199, 199, 1, 2.25%, 0, 0, 2, 1507.59
1669644055, 0, 0, 208, 208, 1, 2.26%, 0, 0, 2, 1576.04
1669644060, 0, 0, 220, 220, 1, 2.29%, 0, 0, 2, 1595.89
1669644065, 0, 2, 225, 224, 97, 2.32%, 0, 0, 2, 1602.72
1669644070, 0, 3, 225, 223, 96, 2.32%, 0, 0, 2, 1665.92
1669644075, 0, 4, 225, 222, 95, 2.32%, 0, 0, 2, 1691.97
1669644085, 0, 6, 225, 221, 94, 2.32%, 0, 0, 2, 1647.74
1669644090, 0, 7, 225, 220, 93, 2.32%, 0, 0, 2, 1735.43
1669644095, 0, 8, 225, 219, 92, 2.32%, 0, 0, 2, 1600.93
1669644136, 0, 8, 233, 227, 92, 2.33%, 0, 0, 3, 1535.29
1669644141, 0, 8, 238, 232, 92, 2.35%, 0, 0, 3, 1591.01
1669644146, 0, 8, 240, 234, 92, 2.35%, 0, 0, 3, 1535.23
1669644151, 0, 8, 245, 239, 92, 2.36%, 0, 0, 3, 1505.30
1669644156, 0, 14, 248, 241, 96, 2.36%, 0, 0, 3, 1452.79
1669644191, 0, 20, 249, 241, 96, 2.36%, 0, 0, 3, 1630.01
1669644206, 0, 20, 250, 242, 96, 2.36%, 0, 0, 3, 1656.26
1669644212, 0, 23, 250, 241, 94, 2.36%, 0, 0, 3, 1586.44
1669644232, 0, 24, 253, 243, 93, 2.36%, 0, 0, 3, 1677.70
1669644237, 0, 24, 254, 244, 93, 2.36%, 0, 0, 3, 1659.88
1669644262, 0, 24, 256, 246, 93, 2.36%, 0, 0, 3, 1661.92
1669644267, 0, 27, 259, 248, 94, 2.37%, 0, 0, 3, 1547.18
1669644303, 0, 27, 260, 249, 94, 2.37%, 0, 0, 3, 1384.44
1669644308, 0, 27, 264, 253, 94, 2.37%, 0, 0, 3, 1449.28
1669644313, 0, 27, 266, 255, 94, 2.37%, 0, 0, 3, 1435.95
1669644318, 0, 27, 267, 256, 94, 2.37%, 0, 0, 3, 1480.22
1669644323, 0, 27, 270, 259, 94, 2.38%, 0, 0, 3, 1587.77
1669644328, 0, 41, 273, 261, 96, 2.38%, 0, 0, 3, 1497.25
1669644338, 0, 41, 274, 262, 96, 2.38%, 0, 0, 3, 1494.04
1669644369, 0, 43, 275, 262, 96, 2.38%, 0, 0, 3, 1434.72
1669644374, 0, 43, 277, 264, 96, 2.38%, 0, 0, 3, 1440.47
1669644384, 0, 43, 278, 265, 96, 2.38%, 0, 0, 3, 1465.72
1669644415, 0, 49, 278, 264, 95, 2.38%, 0, 0, 3, 1525.52
1669644445, 0, 52, 279, 264, 94, 2.38%, 0, 0, 3, 1489.66
1669644450, 0, 52, 281, 266, 94, 2.39%, 0, 0, 3, 1539.26
1669644476, 0, 53, 281, 265, 95, 2.39%, 0, 0, 3, 1419.15
1669644481, 0, 53, 284, 268, 95, 2.40%, 0, 0, 3, 1398.47
1669644511, 0, 54, 285, 268, 95, 2.40%, 0, 0, 3, 1405.16
1669644516, 0, 54, 291, 274, 95, 2.43%, 0, 0, 3, 1361.69
1669644557, 0, 62, 293, 275, 99, 2.43%, 0, 0, 3, 1568.64
1669644598, 0, 63, 297, 278, 99, 2.44%, 0, 0, 3, 1569.98
1669644603, 0, 63, 299, 280, 99, 2.44%, 0, 0, 3, 1510.76
1669644629, 0, 68, 299, 279, 99, 2.44%, 0, 0, 3, 1516.06
1669644634, 0, 68, 301, 281, 99, 2.44%, 0, 0, 3, 1527.57
1669644639, 0, 68, 304, 284, 99, 2.44%, 0, 0, 3, 1580.15
1669644669, 0, 72, 304, 283, 98, 2.44%, 0, 0, 3, 1447.75
1669644705, 0, 74, 304, 282, 97, 2.44%, 0, 0, 3, 1614.77
1669644720, 0, 74, 305, 283, 97, 2.44%, 0, 0, 3, 1547.31
1669644746, 0, 75, 305, 282, 97, 2.44%, 0, 0, 3, 1570.52
1669644786, 0, 78, 308, 284, 96, 2.46%, 0, 0, 3, 1674.17
1669644791, 0, 78, 317, 293, 96, 2.49%, 0, 0, 3, 1710.43
1669644796, 0, 78, 318, 294, 96, 2.49%, 0, 0, 3, 1711.29
1669644806, 0, 79, 320, 295, 102, 2.50%, 0, 0, 3, 1693.95
1669644811, 0, 79, 322, 297, 102, 2.50%, 0, 0, 3, 1702.05
1669644816, 0, 80, 323, 297, 102, 2.50%, 0, 0, 3, 1597.97
1669644857, 0, 88, 323, 296, 102, 2.50%, 0, 0, 3, 1570.50
1669644887, 0, 88, 324, 297, 102, 2.50%, 0, 0, 3, 1593.52
1669644892, 0, 89, 325, 297, 102, 2.50%, 0, 0, 3, 1430.54
1669644897, 0, 89, 326, 298, 102, 2.50%, 0, 0, 3, 1463.51
1669644912, 0, 92, 327, 298, 102, 2.50%, 0, 0, 3, 1581.93
1669644918, 0, 92, 328, 299, 102, 2.50%, 0, 0, 3, 1603.83
1669644953, 0, 95, 329, 299, 101, 2.50%, 0, 0, 3, 1526.00
1669644958, 0, 95, 330, 300, 101, 2.50%, 0, 0, 3, 1482.44
1669644999, 0, 96, 338, 307, 101, 2.54%, 0, 0, 3, 1517.66
1669645004, 0, 96, 339, 308, 101, 2.54%, 0, 0, 3, 1472.24
1669645039, 0, 97, 341, 309, 107, 2.60%, 0, 0, 3, 1545.00
1669645070, 0, 99, 341, 308, 108, 2.60%, 0, 0, 3, 1564.70
1669645105, 0, 101, 341, 307, 107, 2.60%, 0, 0, 3, 1565.32
1669645110, 0, 102, 341, 306, 106, 2.60%, 0, 0, 3, 1475.16
1669645146, 0, 106, 342, 306, 105, 2.60%, 0, 0, 3, 1395.32
1669645151, 0, 106, 349, 313, 105, 2.62%, 0, 0, 3, 1457.90
1669645156, 0, 106, 351, 315, 105, 2.62%, 0, 0, 3, 1454.26
1669645181, 0, 106, 352, 316, 105, 2.62%, 0, 0, 3, 1557.40
1669645186, 0, 107, 352, 315, 110, 2.62%, 0, 0, 3, 1500.84
1669645191, 0, 107, 353, 316, 110, 2.62%, 0, 0, 3, 1517.43
1669645232, 0, 108, 353, 315, 110, 2.62%, 0, 0, 3, 1479.01
1669645272, 0, 116, 354, 315, 109, 2.62%, 0, 0, 3, 1421.48
1669645277, 0, 116, 355, 316, 109, 2.62%, 0, 0, 3, 1449.16
1669645318, 0, 117, 357, 317, 109, 2.62%, 0, 0, 3, 1614.84
1669645323, 0, 117, 358, 318, 109, 2.62%, 0, 0, 3, 1623.72
1669645344, 0, 117, 359, 319, 109, 2.62%, 0, 0, 3, 1553.76
1669645349, 0, 118, 361, 320, 110, 2.62%, 0, 0, 3, 1433.54
1669645354, 0, 118, 362, 321, 110, 2.63%, 0, 0, 3, 1377.16
1669645359, 0, 118, 364, 323, 110, 2.64%, 0, 0, 3, 1538.39
1669645389, 0, 122, 365, 323, 112, 2.64%, 0, 0, 3, 1574.32
1669645419, 0, 123, 367, 324, 112, 2.64%, 0, 0, 3, 1386.37
1669645424, 0, 123, 368, 325, 112, 2.64%, 0, 0, 3, 1449.10
1669645434, 0, 123, 369, 326, 112, 2.64%, 0, 0, 3, 1462.11
1669645465, 0, 125, 369, 325, 111, 2.64%, 0, 0, 3, 1534.48
1669645490, 0, 127, 369, 324, 110, 2.64%, 0, 0, 3, 1458.25
1669645521, 0, 130, 369, 323, 109, 2.64%, 0, 0, 3, 1535.66
1669645536, 0, 131, 369, 322, 108, 2.64%, 0, 0, 3, 1616.04
1669645541, 0, 132, 374, 326, 111, 2.65%, 0, 0, 3, 1356.82
1669645546, 0, 132, 375, 327, 111, 2.65%, 0, 0, 3, 1392.40
1669645556, 0, 132, 377, 329, 111, 2.65%, 0, 0, 3, 1495.03
1669645582, 0, 132, 380, 332, 111, 2.65%, 0, 0, 3, 1524.45
1669645587, 0, 139, 380, 331, 112, 2.65%, 0, 0, 3, 1467.90
1669645597, 0, 143, 380, 330, 111, 2.65%, 0, 0, 3, 1574.19
1669645607, 0, 150, 380, 329, 109, 2.65%, 0, 0, 3, 1514.44
1669645632, 0, 151, 380, 328, 109, 2.65%, 0, 0, 3, 1231.97
1669645642, 0, 154, 380, 327, 108, 2.65%, 0, 0, 3, 1633.14
1669645653, 0, 160, 380, 326, 107, 2.65%, 0, 0, 3, 1716.71
1669645673, 0, 167, 383, 328, 106, 2.65%, 0, 0, 3, 1402.58
1669645718, 0, 168, 383, 327, 107, 2.65%, 0, 0, 3, 1196.67
1669645723, 0, 173, 383, 326, 106, 2.65%, 0, 0, 3, 1108.20
1669645738, 0, 179, 384, 326, 105, 2.66%, 0, 0, 3, 1225.58
1669645743, 0, 179, 399, 341, 105, 2.94%, 0, 0, 3, 1282.92
1669645749, 0, 179, 402, 344, 105, 2.99%, 0, 0, 3, 1361.37
1669645754, 0, 179, 404, 346, 105, 3.01%, 0, 0, 3, 1426.67
1669645759, 0, 197, 404, 345, 117, 3.01%, 0, 0, 3, 1435.29
1669645764, 0, 199, 404, 344, 116, 3.01%, 0, 0, 3, 1437.56
1669645779, 0, 200, 405, 344, 115, 3.01%, 0, 0, 3, 1367.63
1669645784, 0, 200, 406, 345, 115, 3.01%, 0, 0, 3, 1298.51
1669645809, 0, 207, 406, 344, 114, 3.01%, 0, 0, 3, 1434.44
1669645834, 0, 207, 407, 345, 114, 3.01%, 0, 0, 3, 1425.72
1669645839, 0, 210, 407, 344, 113, 3.01%, 0, 0, 3, 1402.87
1669645850, 0, 211, 407, 343, 112, 3.01%, 0, 0, 3, 1381.05
1669645880, 0, 214, 414, 349, 111, 3.01%, 0, 0, 3, 1601.73
1669645885, 0, 214, 418, 353, 111, 3.01%, 0, 0, 3, 1591.03
1669645890, 0, 214, 419, 354, 111, 3.02%, 0, 0, 3, 1564.97
1669645911, 0, 214, 420, 355, 111, 3.02%, 0, 0, 3, 1629.93
1669645916, 0, 216, 421, 355, 112, 3.02%, 0, 0, 3, 1643.74
1669645941, 0, 217, 422, 355, 111, 3.02%, 0, 0, 3, 1563.13
1669645946, 0, 221, 423, 355, 111, 3.07%, 0, 0, 3, 1444.37
1669645976, 0, 222, 423, 354, 110, 3.07%, 0, 0, 3, 1509.03
1669645986, 0, 223, 424, 354, 109, 3.07%, 0, 0, 3, 1557.29
1669646002, 0, 223, 425, 355, 109, 3.07%, 0, 0, 3, 1571.83
1669646027, 0, 224, 426, 355, 109, 3.07%, 0, 0, 3, 1700.70
1669646037, 0, 225, 427, 355, 109, 3.08%, 0, 0, 3, 1761.27
1669646042, 0, 226, 427, 354, 108, 3.08%, 0, 0, 3, 1690.84
1669646078, 0, 227, 429, 355, 107, 3.08%, 0, 0, 4, 1393.09
1669646118, 0, 228, 429, 354, 106, 3.08%, 0, 0, 4, 1375.59
1669646123, 0, 228, 431, 356, 106, 3.08%, 0, 0, 4, 1415.36
1669646148, 0, 233, 431, 355, 106, 3.08%, 0, 0, 4, 1455.31
1669646164, 0, 234, 431, 354, 105, 3.08%, 0, 0, 4, 1642.31
1669646204, 0, 235, 431, 353, 104, 3.08%, 0, 0, 4, 1529.94
1669646209, 0, 237, 431, 352, 103, 3.08%, 0, 0, 4, 1627.96
1669646219, 0, 238, 432, 352, 102, 3.08%, 0, 0, 4, 1487.56
1669646265, 0, 239, 432, 351, 101, 3.08%, 0, 0, 4, 1558.31
1669646270, 0, 240, 433, 351, 100, 3.08%, 0, 0, 4, 1592.73
1669646275, 0, 240, 434, 352, 100, 3.08%, 0, 0, 4, 1596.14
1669646280, 0, 248, 434, 351, 101, 3.08%, 0, 0, 4, 1544.95
1669646296, 0, 249, 436, 352, 100, 3.08%, 0, 0, 4, 1612.51
1669646301, 0, 249, 437, 353, 100, 3.08%, 0, 0, 4, 1588.75
1669646306, 0, 249, 439, 355, 100, 3.08%, 0, 0, 4, 1386.65
1669646326, 0, 250, 440, 355, 101, 3.08%, 0, 0, 4, 1601.75
1669646332, 0, 250, 441, 356, 101, 3.09%, 0, 0, 4, 1616.83
1669646357, 0, 251, 442, 356, 100, 3.09%, 0, 0, 4, 1513.79
1669646392, 0, 255, 442, 355, 99, 3.09%, 0, 0, 4, 1574.20
1669646422, 0, 257, 443, 355, 98, 3.09%, 0, 0, 4, 1515.81
1669646428, 0, 257, 444, 356, 98, 3.09%, 0, 0, 4, 1543.17
1669646458, 0, 259, 445, 356, 97, 3.09%, 0, 0, 4, 1479.60
1669646463, 0, 259, 447, 358, 97, 3.11%, 0, 0, 4, 1398.46
1669646468, 0, 259, 450, 361, 97, 3.12%, 0, 0, 4, 1445.51
1669646503, 0, 261, 450, 360, 100, 3.12%, 0, 0, 4, 1400.20
1669646509, 0, 261, 451, 361, 100, 3.12%, 0, 0, 4, 1343.07
1669646549, 0, 263, 452, 361, 100, 3.12%, 0, 0, 4, 1437.36
1669646590, 0, 267, 453, 361, 99, 3.12%, 0, 0, 4, 1460.78
1669646595, 0, 267, 454, 362, 99, 3.12%, 0, 0, 4, 1541.07
1669646626, 0, 268, 456, 363, 98, 3.12%, 0, 0, 4, 1593.45
1669646646, 0, 273, 457, 363, 98, 3.12%, 0, 0, 4, 1434.32
1669646686, 0, 279, 458, 363, 98, 3.12%, 0, 0, 4, 1470.11
1669646691, 0, 279, 463, 368, 98, 3.20%, 0, 0, 4, 1462.15
1669646696, 0, 279, 464, 369, 98, 3.21%, 0, 0, 4, 1496.51
1669646732, 0, 282, 471, 375, 101, 3.23%, 0, 0, 4, 1324.87
1669646737, 0, 282, 473, 377, 101, 3.24%, 0, 0, 4, 1424.32
1669646777, 0, 285, 475, 378, 105, 3.24%, 0, 0, 4, 1389.23
1669646818, 0, 286, 476, 378, 105, 3.24%, 0, 0, 4, 1501.27
1669646849, 0, 287, 476, 377, 104, 3.24%, 0, 0, 4, 1528.10
1669646854, 0, 287, 477, 378, 104, 3.24%, 0, 0, 4, 1598.49
1669646889, 0, 289, 482, 382, 104, 3.24%, 0, 0, 4, 1527.96
1669646899, 0, 289, 484, 384, 104, 3.24%, 0, 0, 4, 1506.81
1669646930, 0, 289, 485, 385, 104, 3.24%, 0, 0, 4, 1425.94
1669646935, 0, 292, 488, 387, 106, 3.24%, 0, 0, 4, 1406.77
1669646945, 0, 292, 489, 388, 106, 3.25%, 0, 0, 4, 1458.12
1669646981, 0, 301, 491, 389, 106, 3.25%, 0, 0, 4, 1509.28
1669646986, 0, 301, 493, 391, 106, 3.26%, 0, 0, 4, 1532.89
1669647022, 0, 302, 493, 390, 108, 3.26%, 0, 0, 4, 1475.75
1669647057, 0, 302, 494, 391, 108, 3.26%, 0, 0, 4, 1453.86
1669647062, 0, 303, 497, 393, 107, 3.26%, 0, 0, 4, 1509.11
1669647068, 0, 303, 498, 394, 107, 3.26%, 0, 0, 4, 1571.77
1669647098, 0, 303, 499, 395, 107, 3.26%, 0, 0, 4, 1499.97
1669647103, 0, 305, 499, 394, 108, 3.26%, 0, 0, 4, 1607.62
1669647113, 0, 307, 500, 394, 107, 3.26%, 0, 0, 4, 1696.15
1669647118, 0, 310, 500, 393, 106, 3.26%, 0, 0, 4, 1690.68
1669647123, 0, 310, 501, 394, 106, 3.26%, 0, 0, 4, 1696.04
1669647128, 0, 311, 502, 394, 106, 3.26%, 0, 0, 4, 1685.64
1669647138, 0, 312, 502, 393, 106, 3.26%, 0, 0, 4, 1688.47
1669647148, 0, 313, 502, 392, 105, 3.26%, 0, 0, 4, 1711.37
1669647158, 0, 314, 503, 392, 104, 3.28%, 0, 0, 4, 1657.17
1669647163, 0, 315, 503, 391, 104, 3.28%, 0, 0, 4, 1620.43
1669647173, 0, 317, 503, 390, 103, 3.28%, 0, 0, 4, 1703.28
1669647178, 0, 317, 505, 392, 103, 3.28%, 0, 0, 4, 1638.90
1669647184, 0, 320, 512, 396, 106, 3.30%, 0, 0, 4, 1677.20
1669647194, 0, 322, 514, 397, 105, 3.30%, 0, 0, 4, 1611.84
1669647234, 0, 323, 515, 397, 105, 3.30%, 0, 0, 4, 1560.42
1669647275, 0, 325, 515, 396, 104, 3.30%, 0, 0, 4, 1580.37
1669647295, 0, 328, 515, 395, 103, 3.30%, 0, 0, 4, 1562.43
1669647340, 0, 331, 516, 395, 102, 3.30%, 0, 0, 4, 1447.73
1669647376, 0, 332, 519, 397, 101, 3.30%, 0, 0, 4, 1669.92
1669647412, 0, 335, 525, 402, 101, 3.32%, 0, 0, 4, 1755.04
1669647452, 0, 336, 526, 402, 103, 3.32%, 0, 0, 4, 1715.34
1669647488, 0, 338, 527, 402, 103, 3.32%, 0, 0, 4, 1754.61
1669647523, 0, 339, 528, 402, 103, 3.32%, 0, 0, 4, 1827.27
1669647548, 0, 342, 528, 401, 102, 3.32%, 0, 0, 4, 1751.64
1669647553, 0, 342, 529, 402, 102, 3.32%, 0, 0, 4, 1697.36
1669647589, 0, 342, 530, 403, 102, 3.32%, 0, 0, 4, 1606.38
1669647594, 0, 347, 530, 402, 103, 3.32%, 0, 0, 4, 1688.83
1669647630, 0, 348, 531, 402, 102, 3.32%, 0, 0, 4, 1809.17
1669647635, 0, 348, 532, 403, 102, 3.32%, 0, 0, 4, 1811.09
