# relative_time, cycles_done, cur_item, corpus_count, pending_total, pending_favs, map_size, saved_crashes, saved_hangs, max_depth, execs_per_sec, total_execs, edges_found
61, 0, 166, 215, 211, 76, 2.02%, 0, 0, 3, 1036.02, 70316, 727
66, 0, 166, 215, 211, 76, 2.02%, 0, 0, 3, 1057.73, 75749, 727
71, 0, 166, 217, 213, 76, 2.02%, 0, 0, 3, 937.61, 80374, 727
76, 0, 166, 219, 215, 76, 2.03%, 0, 0, 3, 832.36, 84566, 729
81, 0, 166, 219, 215, 76, 2.03%, 0, 0, 3, 920.78, 89406, 729
86, 0, 166, 219, 215, 76, 2.03%, 0, 0, 3, 940.52, 94212, 729
91, 0, 176, 223, 216, 76, 2.03%, 0, 0, 3, 992.92, 99510, 730
96, 0, 176, 226, 219, 76, 2.03%, 0, 0, 3, 1067.84, 105178, 730
101, 0, 176, 233, 226, 76, 2.04%, 0, 0, 3, 1061.86, 110414, 733
106, 0, 176, 236, 229, 76, 2.11%, 0, 0, 3, 1008.92, 115705, 756
111, 0, 176, 239, 232, 76, 2.11%, 0, 0, 3, 1098.53, 121272, 756
117, 0, 144, 245, 237, 77, 2.11%, 0, 0, 3, 934.86, 125853, 758
122, 0, 144, 246, 238, 77, 2.12%, 0, 0, 3, 924.51, 130504, 760
127, 0, 144, 249, 241, 77, 2.12%, 0, 0, 3, 952.98, 134971, 762
132, 0, 144, 251, 243, 77, 2.12%, 0, 0, 3, 1007.00, 139997, 762
137, 0, 144, 252, 244, 77, 2.12%, 0, 0, 3, 938.74, 144787, 762
142, 0, 240, 258, 249, 80, 2.14%, 0, 0, 4, 1009.80, 150072, 769
147, 0, 240, 263, 254, 80, 2.15%, 0, 0, 4, 1001.17, 155247, 773
152, 0, 240, 265, 256, 80, 2.15%, 0, 0, 4, 1006.91, 160581, 773
157, 0, 240, 267, 258, 80, 2.16%, 0, 0, 4, 919.86, 165439, 776
162, 0, 240, 268, 259, 80, 2.16%, 0, 0, 4, 961.00, 170231, 776
167, 0, 240, 269, 260, 80, 2.16%, 0, 0, 4, 931.15, 175065, 776
172, 0, 240, 269, 260, 80, 2.16%, 0, 0, 4, 1042.00, 180270, 776
177, 0, 244, 274, 262, 84, 2.16%, 0, 0, 4, 994.68, 185284, 777
182, 0, 176, 275, 258, 79, 2.16%, 0, 0, 4, 930.85, 190051, 777
187, 0, 259, 275, 256, 77, 2.16%, 0, 0, 4, 995.75, 194774, 777
192, 0, 142, 279, 257, 76, 2.17%, 0, 0, 4, 995.85, 199896, 780
197, 0, 35, 284, 259, 76, 2.19%, 0, 0, 4, 1090.65, 205695, 788
202, 0, 167, 287, 259, 72, 2.19%, 0, 0, 4, 1011.60, 210490, 788
208, 0, 146, 291, 260, 70, 2.20%, 0, 0, 4, 976.44, 215695, 789
213, 0, 92, 293, 257, 66, 2.21%, 0, 0, 4, 1004.30, 220914, 792
218, 0, 264, 294, 253, 62, 2.21%, 0, 0, 4, 968.45, 225961, 793
223, 0, 280, 296, 252, 59, 2.22%, 0, 0, 5, 977.50, 231191, 798
228, 0, 139, 296, 249, 56, 2.22%, 0, 0, 5, 1065.09, 236813, 798
233, 0, 154, 297, 247, 53, 2.22%, 0, 0, 5, 945.50, 241746, 798
238, 0, 291, 304, 253, 52, 2.25%, 0, 0, 5, 985.76, 247057, 808
243, 0, 291, 306, 255, 52, 2.25%, 0, 0, 5, 958.56, 251889, 809
249, 0, 291, 307, 256, 52, 2.25%, 0, 0, 5, 1037.84, 257218, 809
254, 0, 291, 308, 257, 52, 2.25%, 0, 0, 5, 1030.02, 262425, 809
259, 0, 291, 309, 258, 52, 2.25%, 0, 0, 5, 990.76, 267262, 809
264, 0, 291, 309, 258, 52, 2.25%, 0, 0, 5, 1059.06, 272492, 809
269, 0, 113, 311, 259, 57, 2.26%, 0, 0, 5, 1069.70, 277613, 811
274, 0, 310, 314, 259, 54, 2.26%, 0, 0, 6, 960.39, 282308, 811
279, 0, 300, 320, 264, 53, 2.26%, 0, 0, 6, 850.95, 286570, 811
284, 0, 273, 322, 261, 50, 2.26%, 0, 0, 6, 874.89, 290889, 812
289, 0, 275, 326, 263, 50, 2.28%, 0, 0, 7, 970.18, 295890, 819
294, 0, 205, 329, 261, 49, 2.29%, 0, 0, 7, 1094.77, 301545, 823
299, 0, 282, 331, 260, 49, 2.30%, 0, 0, 7, 985.00, 306618, 825
304, 0, 93, 331, 256, 45, 2.30%, 0, 0, 7, 976.10, 311445, 825
309, 0, 326, 331, 252, 41, 2.30%, 0, 0, 7, 974.20, 316482, 825
314, 0, 213, 332, 250, 38, 2.30%, 0, 0, 7, 1010.40, 321745, 825
319, 0, 156, 333, 248, 35, 2.30%, 0, 0, 7, 1019.47, 326814, 825
324, 0, 125, 338, 252, 34, 2.32%, 0, 0, 7, 950.84, 331644, 833
329, 0, 125, 339, 253, 34, 2.32%, 0, 0, 7, 1048.27, 337078, 833
334, 0, 125, 340, 254, 34, 2.32%, 0, 0, 7, 1108.15, 342592, 833
339, 0, 125, 341, 255, 34, 2.32%, 0, 0, 7, 1090.05, 347912, 833
345, 0, 125, 342, 256, 34, 2.32%, 0, 0, 7, 895.46, 352470, 834
350, 0, 125, 342, 256, 34, 2.32%, 0, 0, 7, 803.63, 356400, 834
355, 0, 323, 342, 255, 39, 2.32%, 0, 0, 7, 929.11, 361011, 834
360, 0, 327, 344, 253, 36, 2.33%, 0, 0, 8, 955.58, 365749, 835
365, 0, 181, 346, 254, 35, 2.33%, 0, 0, 8, 1213.98, 371846, 835
370, 0, 279, 355, 262, 34, 2.35%, 0, 0, 8, 1096.95, 377012, 842
375, 0, 279, 355, 262, 34, 2.35%, 0, 0, 8, 1164.86, 382716, 842
380, 0, 279, 355, 262, 34, 2.35%, 0, 0, 8, 1157.60, 388167, 842
385, 0, 279, 357, 264, 34, 2.36%, 0, 0, 8, 1123.54, 393724, 846
390, 0, 279, 358, 265, 34, 2.36%, 0, 0, 8, 1178.96, 399895, 848
395, 0, 279, 362, 269, 34, 2.39%, 0, 0, 8, 1195.28, 405728, 857
401, 0, 293, 364, 267, 37, 2.39%, 0, 0, 8, 1204.63, 411480, 857
406, 0, 293, 372, 275, 37, 2.42%, 0, 0, 8, 1132.81, 417098, 870
411, 0, 293, 372, 275, 37, 2.42%, 0, 0, 8, 1169.07, 422609, 870
416, 0, 293, 372, 275, 37, 2.42%, 0, 0, 8, 1095.18, 428109, 870
421, 0, 293, 372, 275, 37, 2.42%, 0, 0, 8, 1096.78, 433578, 870
426, 0, 293, 373, 276, 37, 2.42%, 0, 0, 8, 1108.11, 439195, 870
431, 0, 293, 373, 276, 37, 2.42%, 0, 0, 8, 1071.77, 444512, 870
436, 0, 212, 377, 277, 38, 2.48%, 0, 0, 8, 1077.74, 449631, 890
441, 0, 342, 382, 280, 42, 2.55%, 0, 0, 9, 1130.36, 455445, 915
446, 0, 342, 389, 287, 42, 2.60%, 0, 0, 9, 1056.60, 461002, 933
451, 0, 342, 391, 289, 42, 2.60%, 0, 0, 9, 1071.33, 466392, 935
456, 0, 342, 391, 289, 42, 2.60%, 0, 0, 9, 1252.74, 472870, 935
461, 0, 342, 392, 290, 42, 2.61%, 0, 0, 9, 1157.66, 478484, 937
466, 0, 204, 394, 290, 51, 2.62%, 0, 0, 10, 1087.59, 483904, 940
472, 0, 388, 417, 313, 51, 2.92%, 0, 0, 10, 983.71, 489011, 1050
477, 0, 388, 421, 317, 51, 2.93%, 0, 0, 10, 1053.48, 494350, 1052
482, 0, 388, 428, 324, 51, 2.94%, 0, 0, 10, 1103.63, 500159, 1057
487, 0, 388, 429, 325, 51, 2.95%, 0, 0, 10, 999.41, 505046, 1058
492, 0, 388, 431, 327, 51, 2.95%, 0, 0, 10, 1015.88, 510184, 1059
497, 0, 405, 441, 336, 68, 2.98%, 0, 0, 11, 981.08, 515203, 1071
502, 0, 405, 445, 340, 68, 2.98%, 0, 0, 11, 990.74, 520362, 1071
507, 0, 405, 446, 341, 68, 2.98%, 0, 0, 11, 1067.28, 525689, 1071
512, 0, 400, 453, 347, 72, 2.99%, 0, 0, 11, 1152.64, 531621, 1072
517, 0, 400, 457, 351, 72, 2.99%, 0, 0, 11, 993.90, 536432, 1075
522, 0, 400, 458, 352, 72, 3.00%, 0, 0, 11, 1081.56, 541905, 1076
527, 0, 400, 459, 353, 72, 3.00%, 0, 0, 11, 996.70, 546722, 1077
532, 0, 400, 459, 353, 72, 3.00%, 0, 0, 11, 1093.44, 552124, 1077
538, 0, 337, 461, 354, 78, 3.00%, 0, 0, 11, 1143.43, 558150, 1078
543, 0, 436, 465, 356, 78, 3.00%, 0, 0, 12, 1031.78, 563357, 1078
548, 0, 436, 467, 358, 78, 3.01%, 0, 0, 12, 1025.44, 568591, 1081
553, 0, 436, 467, 358, 78, 3.01%, 0, 0, 12, 1106.23, 574053, 1081
558, 0, 436, 467, 358, 78, 3.01%, 0, 0, 12, 1183.06, 580173, 1081
563, 0, 420, 472, 362, 79, 3.05%, 0, 0, 12, 1159.58, 585901, 1095
568, 0, 420, 473, 363, 79, 3.05%, 0, 0, 12, 1100.67, 591590, 1095
573, 0, 420, 474, 364, 79, 3.05%, 0, 0, 12, 1309.19, 597724, 1095
578, 0, 420, 474, 364, 79, 3.05%, 0, 0, 12, 1230.73, 603747, 1095
583, 0, 466, 477, 365, 81, 3.06%, 0, 0, 13, 1162.44, 609619, 1097
588, 0, 466, 480, 368, 81, 3.06%, 0, 0, 13, 1101.08, 615050, 1097
593, 0, 466, 481, 369, 81, 3.06%, 0, 0, 13, 1051.53, 620309, 1097
598, 0, 466, 481, 369, 81, 3.06%, 0, 0, 13, 1131.08, 626013, 1097
603, 0, 466, 482, 370, 81, 3.06%, 0, 0, 13, 992.43, 630839, 1097
608, 0, 387, 484, 371, 82, 3.06%, 0, 0, 13, 1045.79, 636234, 1097
613, 0, 357, 488, 373, 82, 3.07%, 0, 0, 13, 1037.98, 641412, 1101
619, 0, 357, 501, 386, 82, 3.09%, 0, 0, 13, 1119.84, 646891, 1111
624, 0, 357, 505, 390, 82, 3.10%, 0, 0, 13, 1151.24, 652808, 1112
629, 0, 357, 506, 391, 82, 3.10%, 0, 0, 13, 1048.02, 658014, 1112
634, 0, 357, 506, 391, 82, 3.10%, 0, 0, 13, 1145.49, 663450, 1112
639, 0, 357, 506, 391, 82, 3.10%, 0, 0, 13, 1018.23, 668460, 1112
644, 0, 357, 506, 391, 82, 3.10%, 0, 0, 13, 1110.37, 674098, 1112
649, 0, 493, 511, 395, 86, 3.14%, 0, 0, 13, 1047.83, 679267, 1128
654, 0, 493, 513, 397, 86, 3.14%, 0, 0, 13, 1093.11, 684886, 1128
659, 0, 493, 514, 398, 86, 3.14%, 0, 0, 13, 1137.66, 690770, 1129
664, 0, 493, 515, 399, 86, 3.15%, 0, 0, 13, 1213.07, 696975, 1130
669, 0, 493, 515, 399, 86, 3.15%, 0, 0, 13, 1076.81, 702205, 1130
674, 0, 493, 518, 402, 86, 3.15%, 0, 0, 13, 967.57, 706856, 1131
679, 0, 484, 523, 406, 91, 3.16%, 0, 0, 13, 953.42, 711774, 1133
685, 0, 484, 524, 407, 91, 3.16%, 0, 0, 13, 1042.56, 717108, 1133
690, 0, 484, 528, 411, 91, 3.16%, 0, 0, 13, 1005.86, 722318, 1134
695, 0, 484, 529, 412, 91, 3.16%, 0, 0, 13, 1071.84, 727859, 1134
700, 0, 368, 540, 422, 93, 3.21%, 0, 0, 13, 1019.86, 733018, 1151
705, 0, 536, 545, 426, 99, 3.21%, 0, 0, 13, 1014.07, 738137, 1152
710, 0, 536, 547, 428, 99, 3.21%, 0, 0, 13, 1104.99, 743841, 1154
715, 0, 536, 548, 429, 99, 3.22%, 0, 0, 13, 1115.19, 749371, 1155
720, 0, 536, 550, 431, 99, 3.22%, 0, 0, 13, 1131.91, 755247, 1156
725, 0, 536, 551, 432, 99, 3.22%, 0, 0, 13, 1081.87, 760440, 1156
730, 0, 536, 552, 433, 99, 3.22%, 0, 0, 13, 1192.34, 766305, 1157
735, 0, 341, 554, 433, 104, 3.22%, 0, 0, 13, 991.78, 771095, 1157
741, 0, 268, 556, 433, 103, 3.23%, 0, 0, 13, 1059.02, 776239, 1158
746, 0, 557, 562, 436, 102, 3.26%, 0, 0, 13, 1055.55, 781889, 1170
751, 0, 557, 567, 441, 102, 3.27%, 0, 0, 13, 1113.41, 787631, 1175
756, 0, 557, 567, 441, 102, 3.27%, 0, 0, 13, 1106.61, 792889, 1175
761, 0, 557, 568, 442, 102, 3.28%, 0, 0, 13, 1158.29, 798737, 1176
766, 0, 557, 568, 442, 102, 3.28%, 0, 0, 13, 1054.18, 804020, 1176
771, 0, 557, 568, 442, 102, 3.28%, 0, 0, 13, 998.48, 808887, 1176
776, 0, 557, 568, 442, 102, 3.28%, 0, 0, 13, 1080.29, 814559, 1176
781, 0, 408, 568, 439, 106, 3.28%, 0, 0, 13, 1061.62, 819965, 1176
786, 0, 508, 569, 439, 105, 3.28%, 0, 0, 13, 1052.70, 825262, 1176
791, 0, 377, 570, 438, 104, 3.28%, 0, 0, 13, 1007.28, 830112, 1176
796, 0, 384, 571, 437, 102, 3.28%, 0, 0, 13, 1048.21, 835486, 1176
801, 0, 131, 580, 445, 101, 3.29%, 0, 0, 13, 1065.09, 840720, 1182
806, 0, 436, 586, 450, 103, 3.29%, 0, 0, 13, 1098.06, 846197, 1183
812, 0, 421, 587, 450, 103, 3.29%, 0, 0, 13, 1101.19, 851677, 1183
817, 0, 471, 587, 447, 100, 3.29%, 0, 0, 13, 1046.77, 856954, 1183
822, 0, 526, 588, 447, 99, 3.30%, 0, 0, 14, 1094.72, 862448, 1184
827, 0, 459, 589, 446, 97, 3.30%, 0, 0, 14, 1073.68, 867918, 1185
832, 0, 170, 595, 451, 99, 3.30%, 0, 0, 14, 1082.70, 873282, 1186
837, 0, 450, 595, 450, 98, 3.30%, 0, 0, 14, 1057.72, 878408, 1186
842, 0, 480, 597, 451, 97, 3.31%, 0, 0, 14, 948.33, 883019, 1187
847, 0, 558, 597, 449, 96, 3.31%, 0, 0, 14, 1036.78, 888722, 1187
852, 0, 595, 600, 451, 95, 3.31%, 0, 0, 15, 1038.05, 894237, 1187
857, 0, 535, 600, 450, 94, 3.31%, 0, 0, 15, 1168.51, 900056, 1187
862, 0, 576, 610, 459, 93, 3.32%, 0, 0, 15, 1064.01, 905563, 1193
868, 0, 576, 616, 465, 93, 3.33%, 0, 0, 15, 1134.02, 911514, 1194
873, 0, 576, 619, 468, 93, 3.33%, 0, 0, 15, 1057.48, 916757, 1194
878, 0, 576, 621, 470, 93, 3.33%, 0, 0, 15, 1126.57, 922814, 1194
883, 0, 576, 621, 470, 93, 3.33%, 0, 0, 15, 1083.86, 928447, 1194
888, 0, 576, 623, 472, 93, 3.33%, 0, 0, 15, 1113.82, 934290, 1195
893, 0, 462, 624, 470, 95, 3.33%, 0, 0, 15, 1120.99, 939843, 1195
898, 0, 468, 625, 469, 93, 3.33%, 0, 0, 15, 1086.03, 945300, 1196
903, 0, 529, 626, 467, 91, 3.33%, 0, 0, 15, 1119.55, 950887, 1196
908, 0, 588, 628, 467, 89, 3.33%, 0, 0, 15, 1148.02, 956680, 1197
913, 0, 534, 628, 464, 86, 3.33%, 0, 0, 15, 1286.75, 962717, 1197
918, 0, 601, 630, 464, 84, 3.33%, 0, 0, 15, 1143.45, 968192, 1197
923, 0, 309, 630, 461, 81, 3.33%, 0, 0, 15, 1069.39, 973483, 1197
929, 0, 563, 631, 459, 78, 3.33%, 0, 0, 15, 1127.10, 979213, 1197
934, 0, 520, 632, 457, 75, 3.33%, 0, 0, 15, 1035.47, 984480, 1197
939, 0, 537, 633, 457, 74, 3.34%, 0, 0, 15, 1134.54, 989995, 1198
944, 0, 482, 637, 458, 71, 3.34%, 0, 0, 15, 1100.18, 995483, 1198
949, 0, 482, 638, 459, 71, 3.34%, 0, 0, 15, 1030.88, 1000656, 1198
954, 0, 482, 638, 459, 71, 3.34%, 0, 0, 15, 1050.70, 1006026, 1198
959, 0, 470, 644, 464, 70, 3.36%, 0, 0, 15, 951.36, 1011091, 1207
964, 0, 470, 646, 466, 70, 3.36%, 0, 0, 15, 1048.52, 1016715, 1207
969, 0, 470, 647, 467, 70, 3.36%, 0, 0, 15, 1058.79, 1021840, 1208
974, 0, 470, 647, 467, 70, 3.36%, 0, 0, 15, 1177.09, 1027652, 1208
979, 0, 470, 649, 469, 70, 3.37%, 0, 0, 15, 1127.92, 1033178, 1211
984, 0, 647, 658, 477, 77, 3.40%, 0, 0, 15, 1097.99, 1038692, 1220
989, 0, 647, 658, 477, 77, 3.40%, 0, 0, 15, 1181.99, 1044280, 1220
994, 0, 647, 658, 477, 77, 3.40%, 0, 0, 15, 1126.77, 1049494, 1220
999, 0, 647, 658, 477, 77, 3.40%, 0, 0, 15, 1107.22, 1055126, 1220
1005, 0, 647, 659, 478, 77, 3.40%, 0, 0, 15, 1091.02, 1060508, 1220
1010, 0, 646, 661, 478, 83, 3.40%, 0, 0, 15, 1041.75, 1065527, 1220
1015, 0, 321, 662, 476, 80, 3.40%, 0, 0, 15, 1075.37, 1070841, 1221
1020, 0, 436, 662, 474, 79, 3.40%, 0, 0, 15, 1038.73, 1076120, 1221
1025, 0, 547, 663, 474, 78, 3.40%, 0, 0, 15, 1132.95, 1081629, 1221
1030, 0, 549, 663, 472, 76, 3.40%, 0, 0, 15, 1183.10, 1087609, 1221
1035, 0, 457, 666, 473, 74, 3.40%, 0, 0, 15, 1090.21, 1092811, 1221
1040, 0, 419, 668, 473, 73, 3.40%, 0, 0, 15, 946.82, 1097377, 1221
1045, 0, 568, 670, 473, 71, 3.40%, 0, 0, 15, 1098.61, 1102717, 1222
1050, 0, 612, 670, 472, 71, 3.40%, 0, 0, 15, 1004.91, 1107994, 1222
1055, 0, 661, 670, 470, 69, 3.40%, 0, 0, 15, 1052.38, 1113296, 1222
1060, 0, 526, 671, 468, 66, 3.40%, 0, 0, 15, 1006.45, 1118351, 1222
1066, 0, 467, 671, 467, 65, 3.40%, 0, 0, 15, 944.67, 1123331, 1222
1071, 0, 460, 672, 464, 61, 3.40%, 0, 0, 15, 1097.15, 1128766, 1222
1076, 0, 383, 673, 462, 58, 3.40%, 0, 0, 15, 1160.54, 1134570, 1222
1081, 0, 513, 673, 460, 56, 3.40%, 0, 0, 15, 991.27, 1139492, 1222
1086, 0, 652, 673, 458, 54, 3.40%, 0, 0, 15, 999.65, 1144445, 1222
1091, 0, 624, 673, 457, 53, 3.40%, 0, 0, 15, 1075.41, 1149876, 1222
1096, 0, 532, 674, 455, 50, 3.40%, 0, 0, 15, 1203.24, 1155862, 1222
1101, 0, 338, 676, 454, 47, 3.43%, 0, 0, 15, 1146.82, 1161563, 1232
1106, 0, 643, 676, 453, 47, 3.43%, 0, 0, 15, 1106.95, 1167091, 1232
1111, 0, 670, 679, 456, 47, 3.43%, 0, 0, 15, 1096.03, 1172530, 1232
1116, 0, 670, 679, 456, 47, 3.43%, 0, 0, 15, 1085.33, 1178024, 1232
1121, 0, 670, 680, 457, 47, 3.43%, 0, 0, 15, 1111.85, 1183597, 1232
1126, 0, 559, 680, 456, 47, 3.43%, 0, 0, 15, 1152.26, 1189431, 1232
1131, 0, 436, 680, 453, 44, 3.43%, 0, 0, 15, 1177.53, 1195408, 1232
1136, 0, 524, 680, 453, 44, 3.43%, 0, 0, 15, 1178.43, 1201173, 1232
1141, 0, 609, 680, 452, 43, 3.43%, 0, 0, 15, 1234.00, 1207328, 1232
1146, 0, 649, 682, 452, 42, 3.44%, 0, 0, 15, 1147.66, 1212952, 1234
1152, 0, 681, 688, 454, 38, 3.52%, 0, 0, 15, 1155.24, 1218565, 1262
1157, 0, 681, 692, 458, 38, 3.60%, 0, 0, 15, 1120.02, 1224050, 1293
1162, 0, 681, 692, 458, 38, 3.60%, 0, 0, 15, 1208.84, 1230270, 1293
1167, 0, 681, 694, 460, 38, 3.61%, 0, 0, 15, 1392.09, 1237246, 1296
1172, 0, 677, 696, 461, 46, 3.62%, 0, 0, 16, 1382.43, 1243924, 1298
1177, 0, 656, 699, 461, 46, 3.62%, 0, 0, 16, 1248.26, 1250272, 1300
1182, 0, 436, 699, 458, 43, 3.62%, 0, 0, 16, 1280.54, 1256498, 1300
1187, 0, 436, 699, 458, 43, 3.62%, 0, 0, 16, 1151.87, 1262006, 1300
1192, 0, 592, 701, 459, 42, 3.62%, 0, 0, 16, 1207.09, 1268141, 1300
1197, 0, 703, 725, 481, 43, 3.84%, 0, 0, 16, 1227.76, 1274150, 1379
1202, 0, 703, 732, 488, 43, 3.84%, 0, 0, 16, 1239.47, 1280429, 1379
1207, 0, 703, 734, 490, 43, 3.84%, 0, 0, 16, 1163.54, 1286148, 1379
1212, 0, 703, 736, 492, 43, 3.85%, 0, 0, 16, 1182.24, 1292156, 1381
1217, 0, 703, 736, 492, 43, 3.85%, 0, 0, 16, 1285.48, 1298302, 1381
1222, 0, 703, 740, 496, 43, 3.85%, 0, 0, 16, 1189.10, 1304407, 1382
1227, 0, 696, 741, 495, 51, 3.87%, 0, 0, 16, 1205.87, 1310267, 1389
1232, 0, 724, 742, 495, 50, 3.87%, 0, 0, 17, 1136.69, 1315949, 1389
1238, 0, 329, 743, 493, 48, 3.87%, 0, 0, 17, 1091.31, 1321817, 1389
1243, 0, 244, 745, 493, 46, 3.89%, 0, 0, 17, 1087.17, 1327145, 1396
1248, 0, 739, 767, 515, 47, 3.89%, 0, 0, 17, 1207.96, 1333285, 1397
1253, 0, 739, 773, 521, 47, 3.89%, 0, 0, 17, 1135.65, 1339204, 1397
1258, 0, 739, 774, 522, 47, 3.89%, 0, 0, 17, 1255.32, 1345277, 1397
1263, 0, 739, 779, 527, 47, 3.89%, 0, 0, 17, 1129.72, 1350950, 1397
1268, 0, 739, 779, 527, 47, 3.89%, 0, 0, 17, 1210.26, 1356991, 1397
1273, 0, 739, 780, 528, 47, 3.89%, 0, 0, 17, 1174.86, 1363277, 1397
1278, 0, 354, 780, 526, 49, 3.89%, 0, 0, 17, 1415.12, 1370273, 1397
1283, 0, 767, 781, 527, 49, 3.89%, 0, 0, 17, 1379.89, 1376732, 1397
1288, 0, 722, 783, 527, 46, 3.89%, 0, 0, 17, 1449.50, 1383803, 1397
1293, 0, 740, 811, 554, 45, 4.09%, 0, 0, 17, 1264.83, 1389788, 1468
1298, 0, 740, 823, 566, 45, 4.14%, 0, 0, 17, 1211.29, 1396232, 1485
1304, 0, 740, 830, 573, 45, 4.18%, 0, 0, 17, 1351.45, 1403142, 1500
1309, 0, 740, 835, 578, 45, 4.19%, 0, 0, 17, 1207.50, 1408965, 1505
1314, 0, 740, 838, 581, 45, 4.21%, 0, 0, 17, 1104.91, 1414482, 1512
1319, 0, 740, 844, 587, 45, 4.24%, 0, 0, 17, 1236.48, 1420647, 1521
1324, 0, 809, 851, 593, 71, 4.29%, 0, 0, 17, 1074.28, 1425882, 1539
1329, 0, 809, 854, 596, 71, 4.29%, 0, 0, 17, 1029.40, 1431114, 1541
1334, 0, 809, 857, 599, 71, 4.30%, 0, 0, 17, 1249.43, 1437400, 1544
1339, 0, 809, 858, 600, 71, 4.30%, 0, 0, 17, 1301.87, 1443807, 1544
1344, 0, 809, 859, 601, 71, 4.30%, 0, 0, 17, 1373.53, 1450577, 1544
1349, 0, 809, 859, 601, 71, 4.30%, 0, 0, 17, 1289.58, 1456874, 1544
1354, 0, 776, 865, 606, 77, 4.30%, 0, 0, 17, 1229.25, 1463038, 1544
1359, 0, 776, 865, 606, 77, 4.30%, 0, 0, 17, 1159.10, 1469073, 1544
1364, 0, 776, 865, 606, 77, 4.30%, 0, 0, 17, 1099.36, 1474629, 1544
1369, 0, 776, 866, 607, 77, 4.30%, 0, 0, 17, 1071.97, 1479670, 1544
1374, 0, 776, 866, 607, 77, 4.30%, 0, 0, 17, 1202.88, 1486038, 1544
1379, 0, 829, 869, 609, 78, 4.31%, 0, 0, 17, 1229.65, 1492382, 1546
1384, 0, 829, 876, 616, 78, 4.31%, 0, 0, 17, 1099.04, 1497611, 1549
1390, 0, 874, 882, 621, 82, 4.33%, 0, 0, 17, 1132.25, 1503636, 1554
1395, 0, 820, 884, 622, 81, 4.33%, 0, 0, 17, 1164.03, 1509400, 1555
1400, 0, 800, 885, 622, 81, 4.33%, 0, 0, 17, 1116.72, 1515103, 1555
1405, 0, 872, 899, 634, 79, 4.43%, 0, 0, 17, 1279.66, 1521556, 1590
1410, 0, 872, 903, 638, 79, 4.43%, 0, 0, 17, 1253.91, 1527798, 1590
1415, 0, 872, 911, 646, 79, 4.44%, 0, 0, 17, 1237.92, 1534070, 1593
1420, 0, 872, 915, 650, 79, 4.45%, 0, 0, 17, 1220.29, 1540242, 1596
1425, 0, 872, 917, 652, 79, 4.45%, 0, 0, 17, 1163.75, 1546023, 1596
1430, 0, 872, 917, 652, 79, 4.45%, 0, 0, 17, 1193.89, 1551893, 1596
1435, 0, 852, 919, 653, 86, 4.45%, 0, 0, 17, 1350.49, 1558578, 1596
1440, 0, 876, 919, 652, 85, 4.45%, 0, 0, 17, 1158.19, 1564441, 1596
1445, 0, 780, 921, 653, 84, 4.45%, 0, 0, 18, 1234.11, 1570785, 1596
1451, 0, 905, 925, 656, 83, 4.47%, 0, 0, 18, 1164.00, 1576418, 1606
1456, 0, 905, 928, 659, 83, 4.48%, 0, 0, 18, 1212.69, 1582657, 1608
1461, 0, 905, 929, 660, 83, 4.48%, 0, 0, 18, 1258.40, 1588953, 1608
1466, 0, 905, 930, 661, 83, 4.48%, 0, 0, 18, 1155.21, 1594723, 1609
1471, 0, 854, 930, 660, 85, 4.48%, 0, 0, 18, 1222.47, 1601102, 1609
1476, 0, 922, 934, 663, 82, 4.48%, 0, 0, 19, 1250.09, 1607488, 1610
1481, 0, 922, 934, 663, 82, 4.48%, 0, 0, 19, 1389.79, 1614767, 1610
1486, 0, 890, 955, 683, 81, 4.49%, 0, 0, 19, 1196.39, 1620507, 1613
1491, 0, 890, 961, 689, 81, 4.50%, 0, 0, 19, 1125.67, 1626117, 1615
1496, 0, 890, 965, 693, 81, 4.50%, 0, 0, 19, 1145.48, 1631997, 1615
1501, 0, 890, 965, 693, 81, 4.50%, 0, 0, 19, 1102.94, 1637410, 1615
1506, 0, 890, 967, 695, 81, 4.50%, 0, 0, 19, 1151.33, 1643144, 1615
1511, 0, 890, 968, 696, 81, 4.50%, 0, 0, 19, 1175.40, 1648910, 1615
1516, 0, 744, 972, 699, 83, 4.51%, 0, 0, 19, 1155.78, 1654701, 1619
1521, 0, 945, 975, 701, 85, 4.52%, 0, 0, 19, 1315.32, 1660866, 1622
1527, 0, 945, 976, 702, 85, 4.52%, 0, 0, 19, 1078.05, 1666234, 1622
1532, 0, 945, 977, 703, 85, 4.52%, 0, 0, 19, 1061.06, 1671785, 1622
1537, 0, 945, 977, 703, 85, 4.52%, 0, 0, 19, 1204.67, 1677896, 1622
1542, 0, 879, 979, 704, 86, 4.52%, 0, 0, 19, 1143.70, 1683705, 1623
1547, 0, 969, 980, 704, 84, 4.52%, 0, 0, 19, 1230.77, 1689812, 1623
1552, 0, 970, 980, 702, 82, 4.52%, 0, 0, 19, 1282.83, 1696141, 1623
1557, 0, 745, 981, 701, 80, 4.52%, 0, 0, 19, 1169.00, 1702054, 1623
1562, 0, 927, 984, 703, 79, 4.52%, 0, 0, 19, 1144.70, 1707857, 1624
1567, 0, 927, 985, 704, 79, 4.52%, 0, 0, 19, 998.80, 1712891, 1624
1572, 0, 927, 987, 706, 79, 4.52%, 0, 0, 19, 1195.09, 1718969, 1624
1577, 0, 927, 988, 707, 79, 4.52%, 0, 0, 19, 1104.70, 1724320, 1624
1582, 0, 927, 988, 707, 79, 4.52%, 0, 0, 19, 1157.79, 1730468, 1624
1587, 0, 880, 988, 705, 77, 4.52%, 0, 0, 19, 1167.82, 1735957, 1624
1592, 0, 774, 991, 707, 76, 4.52%, 0, 0, 19, 1269.37, 1742283, 1624
1598, 0, 774, 991, 707, 76, 4.52%, 0, 0, 19, 1238.54, 1748251, 1624
1603, 0, 874, 993, 708, 75, 4.52%, 0, 0, 19, 1183.03, 1754023, 1624
1608, 0, 840, 994, 709, 75, 4.52%, 0, 0, 19, 1223.93, 1760525, 1624
1613, 0, 983, 998, 712, 75, 4.53%, 0, 0, 20, 1178.67, 1766360, 1626
1618, 0, 958, 998, 711, 75, 4.53%, 0, 0, 20, 1103.96, 1772096, 1626
1623, 0, 996, 1000, 712, 74, 4.53%, 0, 0, 21, 1176.69, 1778098, 1626
1628, 0, 261, 1000, 710, 72, 4.53%, 0, 0, 21, 1252.37, 1784707, 1626
1633, 0, 877, 1001, 711, 72, 4.53%, 0, 0, 21, 1173.72, 1790513, 1628
1638, 0, 897, 1001, 709, 71, 4.53%, 0, 0, 21, 1278.48, 1797145, 1628
1643, 0, 787, 1001, 708, 70, 4.53%, 0, 0, 21, 1270.89, 1803469, 1628
1648, 0, 972, 1004, 710, 69, 4.53%, 0, 0, 21, 1257.01, 1809930, 1628
1653, 0, 997, 1006, 711, 69, 4.53%, 0, 0, 21, 1225.25, 1816143, 1628
1658, 0, 997, 1008, 713, 69, 4.54%, 0, 0, 21, 1309.02, 1822949, 1631
1663, 0, 997, 1009, 714, 69, 4.54%, 0, 0, 21, 1190.54, 1828932, 1631
1668, 0, 688, 1009, 713, 69, 4.54%, 0, 0, 21, 1315.70, 1835182, 1631
1674, 0, 801, 1009, 711, 67, 4.54%, 0, 0, 21, 1283.63, 1841508, 1631
1679, 0, 930, 1009, 709, 65, 4.54%, 0, 0, 21, 1211.41, 1847570, 1631
1684, 0, 554, 1012, 711, 64, 4.54%, 0, 0, 21, 1219.79, 1853445, 1631
1689, 0, 440, 1012, 709, 63, 4.54%, 0, 0, 21, 1269.04, 1859366, 1631
1694, 0, 984, 1012, 706, 60, 4.54%, 0, 0, 21, 1260.60, 1865759, 1631
1699, 0, 867, 1012, 704, 58, 4.54%, 0, 0, 21, 1332.85, 1872268, 1631
1704, 0, 954, 1012, 702, 56, 4.54%, 0, 0, 21, 1231.50, 1878170, 1631
1709, 0, 898, 1012, 700, 54, 4.54%, 0, 0, 21, 1271.57, 1884276, 1631
1714, 0, 838, 1012, 699, 53, 4.54%, 0, 0, 21, 1239.48, 1890314, 1631
1719, 0, 1007, 1015, 701, 52, 4.55%, 0, 0, 22, 1354.82, 1897077, 1632
1724, 0, 1007, 1016, 702, 52, 4.55%, 0, 0, 22, 1343.52, 1903689, 1632
1729, 0, 1007, 1018, 704, 52, 4.55%, 0, 0, 22, 1305.94, 1910048, 1632
1734, 0, 1007, 1018, 704, 52, 4.55%, 0, 0, 22, 1197.33, 1916142, 1632
1739, 0, 1000, 1018, 703, 53, 4.55%, 0, 0, 22, 1236.24, 1922230, 1632
1744, 0, 674, 1026, 710, 52, 4.58%, 0, 0, 22, 1096.60, 1927647, 1646
1749, 0, 674, 1031, 715, 52, 4.59%, 0, 0, 22, 1195.44, 1933703, 1647
1754, 0, 674, 1034, 718, 52, 4.59%, 0, 0, 22, 1213.67, 1939774, 1647
1760, 0, 674, 1034, 718, 52, 4.59%, 0, 0, 22, 1215.16, 1945532, 1647
1765, 0, 991, 1035, 718, 56, 4.59%, 0, 0, 22, 1234.08, 1951613, 1647
1770, 0, 210, 1035, 716, 54, 4.59%, 0, 0, 22, 1116.75, 1957093, 1647
1775, 0, 840, 1036, 716, 53, 4.59%, 0, 0, 22, 1221.56, 1963282, 1647
1780, 0, 1014, 1037, 717, 53, 4.59%, 0, 0, 23, 1311.66, 1969922, 1647
1785, 0, 1012, 1039, 718, 52, 4.59%, 0, 0, 23, 1220.53, 1975863, 1647
1790, 0, 1012, 1040, 719, 52, 4.59%, 0, 0, 23, 1169.69, 1981528, 1647
1795, 0, 1012, 1043, 722, 52, 4.59%, 0, 0, 23, 1242.93, 1987833, 1647
1800, 0, 1012, 1043, 722, 52, 4.59%, 0, 0, 23, 1124.76, 1993503, 1647
1805, 0, 856, 1045, 722, 52, 4.59%, 0, 0, 23, 1125.47, 1998994, 1647
1810, 0, 1032, 1047, 722, 50, 4.59%, 0, 0, 23, 1111.07, 2004813, 1647
1815, 0, 1032, 1052, 727, 50, 4.60%, 0, 0, 23, 1131.02, 2010546, 1650
1820, 0, 1032, 1058, 733, 50, 4.62%, 0, 0, 23, 1197.54, 2016647, 1657
1825, 0, 1032, 1059, 734, 50, 4.62%, 0, 0, 23, 1157.11, 2022404, 1657
1830, 0, 1032, 1059, 734, 50, 4.62%, 0, 0, 23, 1404.85, 2029306, 1657
1835, 0, 1032, 1059, 734, 50, 4.62%, 0, 0, 23, 1183.52, 2035216, 1657
1840, 0, 901, 1059, 733, 53, 4.62%, 0, 0, 23, 1325.41, 2041813, 1657
1846, 0, 1055, 1063, 736, 52, 4.62%, 0, 0, 23, 1273.29, 2047919, 1658
1851, 0, 883, 1063, 735, 52, 4.62%, 0, 0, 23, 1212.46, 2054076, 1658
1856, 0, 963, 1064, 734, 50, 4.62%, 0, 0, 23, 1122.72, 2059613, 1658
1861, 0, 963, 1066, 736, 50, 4.62%, 0, 0, 23, 1090.64, 2065193, 1658
1866, 0, 832, 1067, 736, 47, 4.62%, 0, 0, 23, 1052.81, 2070438, 1659
1871, 0, 1049, 1067, 734, 46, 4.62%, 0, 0, 23, 1293.23, 2077111, 1659
1876, 0, 1010, 1068, 732, 45, 4.62%, 0, 0, 23, 1432.29, 2084076, 1660
1881, 0, 1022, 1070, 733, 44, 4.63%, 0, 0, 23, 1291.63, 2090175, 1661
1886, 0, 842, 1072, 731, 42, 4.63%, 0, 0, 23, 1301.50, 2096594, 1662
1891, 0, 354, 1072, 729, 40, 4.63%, 0, 0, 23, 1377.75, 2103302, 1662
1896, 0, 1063, 1074, 730, 39, 4.63%, 0, 0, 23, 1231.20, 2109318, 1662
1901, 0, 1063, 1075, 731, 39, 4.63%, 0, 0, 23, 1208.06, 2115613, 1662
1906, 0, 371, 1078, 732, 37, 4.63%, 0, 0, 23, 1128.05, 2121231, 1662
1911, 0, 584, 1081, 734, 37, 4.63%, 0, 0, 23, 1151.57, 2127239, 1662
1916, 0, 584, 1081, 734, 37, 4.63%, 0, 0, 23, 1174.99, 2133270, 1662
1921, 0, 836, 1081, 732, 36, 4.63%, 0, 0, 23, 1161.88, 2139346, 1662
1926, 0, 862, 1081, 731, 35, 4.63%, 0, 0, 23, 1251.03, 2145384, 1662
1931, 0, 870, 1081, 729, 33, 4.63%, 0, 0, 23, 1230.26, 2151430, 1662
1936, 0, 767, 1081, 728, 32, 4.63%, 0, 0, 23, 1408.67, 2158355, 1662
1942, 0, 1080, 1083, 728, 31, 4.63%, 0, 0, 23, 1174.68, 2164034, 1663
1947, 0, 866, 1084, 727, 29, 4.63%, 0, 0, 23, 1234.47, 2170148, 1663
1952, 0, 375, 1084, 724, 26, 4.63%, 0, 0, 23, 1120.50, 2175812, 1663
1957, 0, 299, 1084, 723, 25, 4.63%, 0, 0, 23, 1275.05, 2182765, 1663
1962, 0, 1012, 1084, 721, 23, 4.63%, 0, 0, 23, 1318.81, 2189159, 1663
1967, 0, 1061, 1085, 722, 23, 4.63%, 0, 0, 23, 1372.74, 2195843, 1663
1972, 0, 278, 1086, 722, 22, 4.63%, 0, 0, 23, 1190.31, 2201595, 1663
1977, 0, 1081, 1090, 726, 22, 4.63%, 0, 0, 23, 1427.01, 2208952, 1664
1982, 0, 1081, 1093, 729, 22, 4.64%, 0, 0, 23, 1180.30, 2214813, 1665
1987, 0, 1081, 1093, 729, 22, 4.64%, 0, 0, 23, 1341.58, 2221305, 1665
1992, 0, 1081, 1093, 729, 22, 4.64%, 0, 0, 23, 1448.00, 2228405, 1665
1997, 0, 475, 1093, 728, 23, 4.64%, 0, 0, 23, 1214.47, 2234442, 1665
2002, 0, 1089, 1094, 727, 21, 4.64%, 0, 0, 23, 1335.66, 2241029, 1665
2007, 0, 563, 1094, 724, 19, 4.64%, 0, 0, 23, 1223.45, 2247008, 1665
2013, 0, 868, 1094, 724, 19, 4.64%, 0, 0, 23, 1148.22, 2252932, 1665
2018, 0, 844, 1094, 724, 19, 4.64%, 0, 0, 23, 1197.58, 2259400, 1665
2023, 0, 1013, 1095, 725, 19, 4.64%, 0, 0, 23, 1171.35, 2265540, 1665
2028, 0, 204, 1095, 723, 17, 4.64%, 0, 0, 23, 1361.79, 2272353, 1665
2033, 0, 436, 1096, 722, 17, 4.64%, 0, 0, 23, 1162.88, 2278340, 1666
2038, 0, 261, 1097, 721, 17, 4.64%, 0, 0, 23, 1242.81, 2284694, 1666
2043, 0, 1000, 1097, 719, 15, 4.64%, 0, 0, 23, 1127.60, 2290242, 1666
2048, 0, 353, 1097, 718, 14, 4.64%, 0, 0, 23, 1062.66, 2295438, 1666
2053, 0, 874, 1097, 718, 14, 4.64%, 0, 0, 23, 1039.21, 2300578, 1666
2058, 0, 736, 1097, 717, 13, 4.64%, 0, 0, 23, 1281.82, 2306808, 1666
2063, 0, 1072, 1097, 714, 11, 4.64%, 0, 0, 23, 1232.42, 2313143, 1666
2068, 0, 643, 1098, 714, 11, 4.64%, 0, 0, 23, 1103.79, 2318369, 1666
2073, 0, 643, 1098, 714, 11, 4.64%, 0, 0, 23, 1172.28, 2324379, 1666
2078, 0, 565, 1098, 714, 11, 4.64%, 0, 0, 23, 1159.75, 2330118, 1666
2084, 0, 832, 1098, 713, 10, 4.64%, 0, 0, 23, 1126.83, 2336331, 1666
2089, 0, 335, 1098, 712, 9, 4.64%, 0, 0, 23, 1100.53, 2341692, 1666
2094, 0, 930, 1098, 711, 8, 4.64%, 0, 0, 23, 1151.05, 2347666, 1666
2099, 0, 1000, 1099, 711, 7, 4.64%, 0, 0, 23, 1325.97, 2354794, 1666
2104, 0, 874, 1099, 710, 7, 4.64%, 0, 0, 23, 1005.85, 2359674, 1666
2109, 0, 1096, 1102, 713, 7, 4.64%, 0, 0, 23, 1053.41, 2365117, 1666
2114, 0, 767, 1103, 713, 7, 4.64%, 0, 0, 23, 1095.43, 2371251, 1666
2119, 0, 728, 1103, 713, 7, 4.64%, 0, 0, 23, 1119.84, 2376712, 1666
2124, 0, 1098, 1104, 712, 5, 4.64%, 0, 0, 23, 1115.69, 2382542, 1666
2129, 0, 384, 1104, 711, 4, 4.64%, 0, 0, 23, 1079.85, 2387931, 1666
2135, 0, 1102, 1107, 714, 4, 4.64%, 0, 0, 23, 1344.28, 2394836, 1666
2140, 0, 1102, 1109, 716, 4, 4.64%, 0, 0, 23, 1185.73, 2400894, 1666
2145, 0, 1102, 1109, 716, 4, 4.64%, 0, 0, 23, 1209.70, 2407104, 1666
2150, 0, 601, 1110, 716, 3, 4.64%, 0, 0, 23, 1135.23, 2412685, 1666
2155, 0, 984, 1110, 716, 3, 4.64%, 0, 0, 23, 1204.46, 2419018, 1666
2160, 0, 603, 1112, 718, 3, 4.64%, 0, 0, 23, 1105.29, 2424408, 1666
2165, 0, 513, 1112, 717, 3, 4.64%, 0, 0, 23, 1169.60, 2430343, 1666
2170, 0, 513, 1112, 717, 3, 4.64%, 0, 0, 23, 1193.21, 2436192, 1666
2175, 0, 436, 1112, 716, 2, 4.64%, 0, 0, 23, 1219.27, 2442242, 1666
2180, 0, 774, 1112, 716, 2, 4.64%, 0, 0, 23, 1137.95, 2447909, 1666
2185, 0, 877, 1113, 717, 2, 4.64%, 0, 0, 23, 1357.12, 2454660, 1666
2190, 0, 48, 1113, 717, 3, 4.64%, 0, 0, 23, 1260.59, 2461041, 1666
2195, 0, 874, 1114, 717, 4, 4.64%, 0, 0, 23, 1365.85, 2467740, 1666
2200, 0, 436, 1114, 717, 4, 4.64%, 0, 0, 23, 1154.36, 2473558, 1666
2205, 0, 1113, 1114, 717, 4, 4.64%, 0, 0, 23, 1264.10, 2479681, 1666
2210, 0, 445, 1116, 717, 3, 4.65%, 0, 0, 23, 1104.74, 2484921, 1670
2216, 0, 1112, 1117, 718, 3, 4.65%, 0, 0, 23, 1107.78, 2490537, 1670
2221, 0, 595, 1117, 717, 2, 4.65%, 0, 0, 23, 1249.28, 2497011, 1670
2226, 0, 643, 1118, 718, 2, 4.65%, 0, 0, 23, 1165.69, 2502764, 1670
2231, 0, 261, 1118, 718, 2, 4.65%, 0, 0, 23, 1260.31, 2509203, 1670
2236, 0, 535, 1118, 718, 2, 4.65%, 0, 0, 23, 1022.59, 2514043, 1670
2241, 0, 261, 1118, 718, 2, 4.65%, 0, 0, 23, 1175.31, 2520084, 1670
2246, 0, 622, 1118, 718, 2, 4.65%, 0, 0, 23, 1296.87, 2526695, 1670
2251, 0, 622, 1118, 718, 2, 4.65%, 0, 0, 23, 1175.98, 2532513, 1670
2256, 0, 92, 1118, 717, 2, 4.65%, 0, 0, 23, 1169.91, 2538462, 1670
2261, 0, 436, 1119, 718, 2, 4.65%, 0, 0, 23, 1128.99, 2544215, 1670
2266, 0, 1027, 1119, 718, 2, 4.65%, 0, 0, 23, 1315.48, 2551066, 1670
2271, 0, 481, 1119, 717, 2, 4.65%, 0, 0, 23, 1217.56, 2557026, 1670
2276, 0, 445, 1119, 717, 2, 4.65%, 0, 0, 23, 1299.76, 2563698, 1670
2282, 0, 445, 1119, 717, 2, 4.65%, 0, 0, 23, 1386.83, 2570273, 1670
2287, 0, 681, 1119, 717, 2, 4.65%, 0, 0, 23, 1284.61, 2576512, 1670
2292, 0, 991, 1119, 716, 1, 4.65%, 0, 0, 23, 1399.88, 2583438, 1670
2297, 0, 211, 1120, 717, 1, 4.65%, 0, 0, 23, 1211.65, 2589632, 1670
2302, 0, 287, 1121, 718, 1, 4.65%, 0, 0, 23, 1198.35, 2595613, 1671
2307, 0, 214, 1121, 717, 2, 4.65%, 0, 0, 23, 1130.19, 2601605, 1671
2312, 0, 436, 1121, 716, 1, 4.65%, 0, 0, 23, 1237.84, 2607899, 1671
2317, 0, 1012, 1121, 716, 1, 4.65%, 0, 0, 23, 1208.50, 2614129, 1671
2322, 0, 880, 1121, 716, 1, 4.65%, 0, 0, 23, 1299.93, 2620933, 1671
2327, 0, 436, 1121, 716, 1, 4.65%, 0, 0, 23, 1347.03, 2628044, 1671
2332, 0, 287, 1121, 716, 1, 4.65%, 0, 0, 23, 1289.30, 2634458, 1671
2337, 0, 993, 1121, 716, 1, 4.65%, 0, 0, 23, 1297.77, 2640949, 1671
2343, 0, 447, 1121, 715, 1, 4.65%, 0, 0, 23, 1157.13, 2647151, 1671
2348, 0, 874, 1123, 717, 1, 4.65%, 0, 0, 23, 1285.02, 2653444, 1671
2353, 0, 693, 1124, 718, 2, 4.65%, 0, 0, 23, 1155.92, 2658897, 1671
2358, 0, 445, 1124, 718, 2, 4.65%, 0, 0, 23, 1195.03, 2664811, 1671
2363, 0, 840, 1124, 717, 1, 4.65%, 0, 0, 23, 1221.63, 2671232, 1671
2368, 0, 840, 1124, 717, 1, 4.65%, 0, 0, 23, 729.57, 2674073, 1671
2373, 0, 668, 1127, 720, 1, 4.65%, 0, 0, 23, 1101.26, 2679593, 1671
2378, 0, 176, 1127, 720, 1, 4.65%, 0, 0, 23, 1230.96, 2685651, 1671
2383, 0, 1115, 1127, 720, 1, 4.65%, 0, 0, 23, 1149.45, 2691739, 1671
2388, 0, 563, 1127, 720, 1, 4.65%, 0, 0, 23, 1050.94, 2697347, 1671
2393, 0, 1068, 1127, 720, 1, 4.65%, 0, 0, 23, 906.16, 2701750, 1671
2398, 0, 997, 1127, 720, 1, 4.65%, 0, 0, 23, 802.98, 2705737, 1671
2403, 0, 436, 1127, 720, 1, 4.65%, 0, 0, 23, 976.26, 2710954, 1671
2408, 0, 544, 1127, 720, 1, 4.65%, 0, 0, 23, 1130.22, 2716580, 1671
2414, 0, 117, 1127, 720, 1, 4.65%, 0, 0, 23, 1103.07, 2721998, 1671
2419, 0, 997, 1127, 719, 1, 4.65%, 0, 0, 23, 1210.43, 2727708, 1671
2424, 0, 1051, 1127, 719, 1, 4.65%, 0, 0, 23, 1088.95, 2733201, 1671
2429, 0, 436, 1127, 719, 1, 4.65%, 0, 0, 23, 1181.23, 2738971, 1671
2434, 0, 356, 1128, 719, 0, 4.65%, 0, 0, 23, 1077.53, 2744285, 1671
2439, 0, 261, 1128, 719, 0, 4.65%, 0, 0, 23, 1092.54, 2749752, 1671
2444, 0, 436, 1128, 719, 0, 4.65%, 0, 0, 23, 1054.86, 2755162, 1671
2449, 0, 767, 1128, 719, 0, 4.65%, 0, 0, 23, 1039.88, 2760269, 1671
2454, 0, 688, 1128, 719, 0, 4.65%, 0, 0, 23, 1125.75, 2766075, 1671
2459, 0, 398, 1128, 719, 0, 4.65%, 0, 0, 23, 826.73, 2770025, 1671
2464, 0, 647, 1128, 718, 0, 4.65%, 0, 0, 23, 797.70, 2773965, 1671
2470, 0, 416, 1128, 718, 0, 4.65%, 0, 0, 23, 812.64, 2778022, 1671
2475, 0, 436, 1128, 718, 0, 4.65%, 0, 0, 23, 978.02, 2782758, 1671
2480, 0, 1122, 1128, 718, 0, 4.65%, 0, 0, 23, 928.48, 2787188, 1671
2485, 0, 526, 1128, 718, 0, 4.65%, 0, 0, 23, 1047.92, 2792620, 1671
2490, 0, 436, 1129, 719, 1, 4.66%, 0, 0, 23, 833.51, 2796578, 1674
2495, 0, 68, 1129, 719, 1, 4.66%, 0, 0, 23, 690.69, 2799975, 1674
2500, 0, 897, 1129, 719, 1, 4.66%, 0, 0, 23, 774.46, 2803740, 1674
2505, 0, 648, 1129, 719, 1, 4.66%, 0, 0, 23, 832.80, 2807752, 1674
2510, 0, 1027, 1129, 719, 1, 4.66%, 0, 0, 23, 842.02, 2811919, 1674
2515, 0, 984, 1130, 720, 1, 4.66%, 0, 0, 23, 1033.27, 2817080, 1674
3125, 0, 485, 1131, 721, 2, 4.67%, 0, 0, 23, 0.26, 2821073, 1675
3130, 0, 1012, 1131, 720, 2, 4.67%, 0, 0, 23, 801.47, 2825314, 1675
3135, 0, 1012, 1131, 720, 2, 4.67%, 0, 0, 23, 762.95, 2829392, 1675
3140, 0, 1130, 1132, 721, 2, 4.67%, 0, 0, 23, 755.01, 2833139, 1675
3145, 0, 780, 1132, 720, 1, 4.67%, 0, 0, 23, 891.18, 2838523, 1675
3150, 0, 261, 1132, 720, 1, 4.67%, 0, 0, 23, 1058.00, 2843917, 1675
3155, 0, 436, 1132, 720, 1, 4.67%, 0, 0, 23, 906.71, 2848308, 1675
3160, 0, 767, 1133, 721, 1, 4.67%, 0, 0, 23, 857.87, 2852632, 1675
3165, 0, 1049, 1135, 723, 1, 4.67%, 0, 0, 23, 823.79, 2857213, 1675
3170, 0, 1128, 1135, 722, 1, 4.67%, 0, 0, 23, 841.65, 2861702, 1675
3175, 0, 445, 1136, 722, 0, 4.67%, 0, 0, 23, 1001.50, 2867031, 1675
3180, 0, 880, 1136, 722, 0, 4.67%, 0, 0, 23, 908.74, 2871626, 1675
3185, 0, 196, 1136, 722, 0, 4.67%, 0, 0, 23, 994.72, 2877175, 1675
3191, 0, 426, 1136, 722, 0, 4.67%, 0, 0, 23, 899.70, 2881635, 1675
3196, 0, 958, 1136, 722, 0, 4.67%, 0, 0, 23, 760.62, 2885445, 1675
3201, 0, 436, 1136, 722, 0, 4.67%, 0, 0, 23, 748.38, 2889440, 1675
3206, 0, 436, 1137, 723, 1, 4.67%, 0, 0, 23, 865.24, 2893771, 1678
3211, 0, 139, 1137, 722, 0, 4.67%, 0, 0, 23, 908.03, 2898623, 1678
3216, 0, 57, 1137, 722, 0, 4.67%, 0, 0, 23, 1052.27, 2904412, 1678
3221, 0, 977, 1138, 723, 0, 4.68%, 0, 0, 23, 969.02, 2909458, 1679
3226, 0, 977, 1139, 724, 0, 4.68%, 0, 0, 23, 846.20, 2913574, 1679
3231, 0, 801, 1139, 724, 1, 4.68%, 0, 0, 23, 798.78, 2917884, 1679
3236, 0, 1061, 1139, 724, 1, 4.68%, 0, 0, 23, 846.70, 2922385, 1679
3241, 0, 408, 1140, 725, 1, 4.68%, 0, 0, 23, 896.76, 2926966, 1679
3246, 0, 997, 1140, 725, 1, 4.68%, 0, 0, 23, 982.68, 2932289, 1679
3251, 0, 801, 1140, 724, 1, 4.68%, 0, 0, 23, 966.49, 2937280, 1679
3256, 0, 724, 1140, 724, 1, 4.68%, 0, 0, 23, 861.26, 2941863, 1679
3262, 0, 244, 1140, 724, 1, 4.68%, 0, 0, 23, 782.81, 2946062, 1679
3267, 0, 877, 1140, 724, 1, 4.68%, 0, 0, 23, 836.34, 2950372, 1679
3272, 0, 342, 1140, 724, 1, 4.68%, 0, 0, 23, 841.71, 2954663, 1679
3277, 0, 68, 1140, 723, 1, 4.68%, 0, 0, 23, 874.88, 2959465, 1679
3282, 0, 1012, 1140, 723, 1, 4.68%, 0, 0, 23, 897.73, 2963903, 1679
3287, 0, 1012, 1140, 723, 1, 4.68%, 0, 0, 23, 899.07, 2968764, 1679
3292, 0, 1133, 1141, 723, 1, 4.68%, 0, 0, 23, 883.86, 2973391, 1679
3297, 0, 520, 1141, 723, 1, 4.68%, 0, 0, 23, 937.81, 2977976, 1679
3302, 0, 643, 1141, 723, 1, 4.68%, 0, 0, 23, 1013.74, 2983115, 1679
3307, 0, 991, 1141, 723, 1, 4.68%, 0, 0, 23, 824.55, 2987268, 1679
3312, 0, 436, 1141, 722, 1, 4.68%, 0, 0, 23, 1087.38, 2992825, 1679
3317, 0, 774, 1141, 722, 1, 4.68%, 0, 0, 23, 819.12, 2996902, 1679
3323, 0, 592, 1141, 722, 1, 4.68%, 0, 0, 23, 872.95, 3001071, 1679
3328, 0, 685, 1141, 722, 1, 4.68%, 0, 0, 23, 1057.73, 3006845, 1679
3333, 0, 877, 1141, 722, 1, 4.68%, 0, 0, 23, 993.14, 3012005, 1679
3338, 0, 1137, 1141, 722, 1, 4.68%, 0, 0, 23, 879.08, 3016367, 1679
3343, 0, 930, 1141, 721, 0, 4.68%, 0, 0, 23, 952.04, 3021185, 1679
3348, 0, 128, 1141, 721, 0, 4.68%, 0, 0, 23, 1005.86, 3026757, 1679
3353, 0, 1027, 1142, 722, 0, 4.68%, 0, 0, 23, 1104.72, 3032684, 1679
3358, 0, 801, 1142, 722, 0, 4.68%, 0, 0, 23, 996.08, 3037781, 1679
3363, 0, 436, 1142, 722, 0, 4.68%, 0, 0, 23, 994.62, 3043183, 1679
3368, 0, 211, 1142, 722, 0, 4.68%, 0, 0, 23, 982.56, 3048353, 1679
3373, 0, 436, 1142, 722, 0, 4.68%, 0, 0, 23, 1055.56, 3053932, 1679
3378, 0, 877, 1142, 722, 0, 4.68%, 0, 0, 23, 1130.68, 3059925, 1679
3384, 0, 1012, 1142, 722, 0, 4.68%, 0, 0, 23, 1094.79, 3065605, 1679
3389, 0, 1012, 1142, 722, 0, 4.68%, 0, 0, 23, 1106.88, 3071018, 1679
3394, 0, 572, 1142, 722, 0, 4.68%, 0, 0, 23, 1163.65, 3076803, 1679
3399, 0, 450, 1142, 722, 0, 4.68%, 0, 0, 23, 1150.02, 3082590, 1679
3404, 0, 445, 1142, 722, 0, 4.68%, 0, 0, 23, 1091.64, 3088161, 1679
3409, 0, 204, 1142, 722, 0, 4.68%, 0, 0, 23, 1068.59, 3093468, 1679
3414, 0, 436, 1142, 722, 0, 4.68%, 0, 0, 23, 1079.28, 3099283, 1679
3419, 0, 1098, 1142, 722, 0, 4.68%, 0, 0, 23, 1076.88, 3104565, 1679
3424, 0, 436, 1142, 722, 0, 4.68%, 0, 0, 23, 1232.74, 3110703, 1679
3429, 0, 667, 1142, 722, 0, 4.68%, 0, 0, 23, 1142.19, 3116163, 1679
3434, 0, 1133, 1142, 722, 0, 4.68%, 0, 0, 23, 1121.84, 3121625, 1679
3439, 0, 643, 1142, 722, 0, 4.68%, 0, 0, 23, 1249.29, 3128130, 1679
3444, 0, 690, 1142, 722, 0, 4.68%, 0, 0, 23, 999.77, 3132861, 1679
3449, 0, 840, 1143, 723, 0, 4.70%, 0, 0, 23, 1137.05, 3138912, 1688
3454, 0, 595, 1143, 723, 1, 4.70%, 0, 0, 23, 1015.88, 3144404, 1688
3459, 0, 510, 1143, 723, 1, 4.70%, 0, 0, 23, 1217.79, 3150550, 1688
3465, 0, 86, 1143, 723, 1, 4.70%, 0, 0, 23, 1210.99, 3156705, 1688
3470, 0, 419, 1143, 722, 1, 4.70%, 0, 0, 23, 1194.01, 3162860, 1688
3475, 0, 1142, 1148, 727, 3, 4.70%, 0, 0, 23, 1205.53, 3168779, 1688
3480, 0, 1142, 1150, 729, 3, 4.71%, 0, 0, 23, 1126.88, 3174703, 1692
3485, 0, 1142, 1150, 729, 3, 4.71%, 0, 0, 23, 1240.47, 3181081, 1692
3490, 0, 1142, 1154, 733, 3, 4.72%, 0, 0, 23, 1136.52, 3186699, 1696
3495, 0, 1142, 1154, 733, 3, 4.72%, 0, 0, 23, 1088.68, 3192458, 1696
3500, 0, 1142, 1154, 733, 3, 4.72%, 0, 0, 23, 1196.54, 3198317, 1696
3505, 0, 1149, 1154, 732, 9, 4.72%, 0, 0, 23, 1145.12, 3204114, 1696
3510, 0, 1152, 1154, 731, 8, 4.72%, 0, 0, 23, 1282.08, 3210927, 1696
3515, 0, 551, 1154, 729, 6, 4.72%, 0, 0, 23, 1310.12, 3217649, 1696
3520, 0, 1147, 1154, 729, 6, 4.72%, 0, 0, 23, 1293.54, 3224307, 1696
3526, 0, 801, 1155, 729, 5, 4.72%, 0, 0, 23, 1113.24, 3230094, 1696
3531, 0, 1151, 1155, 729, 6, 4.72%, 0, 0, 23, 1263.40, 3236141, 1696
3536, 0, 1153, 1155, 728, 5, 4.72%, 0, 0, 23, 1246.57, 3242650, 1696
3541, 0, 459, 1156, 728, 4, 4.72%, 0, 0, 23, 1144.48, 3248519, 1696
3546, 0, 997, 1156, 728, 4, 4.72%, 0, 0, 23, 1152.19, 3254164, 1696
3551, 0, 997, 1156, 728, 4, 4.72%, 0, 0, 23, 1243.48, 3260081, 1696
3556, 0, 1130, 1157, 729, 4, 4.72%, 0, 0, 23, 1041.01, 3265259, 1696
3561, 0, 522, 1157, 729, 6, 4.72%, 0, 0, 23, 879.01, 3269431, 1696
3566, 0, 996, 1157, 728, 5, 4.72%, 0, 0, 23, 1009.50, 3274341, 1696
3571, 0, 1154, 1157, 728, 5, 4.72%, 0, 0, 23, 928.50, 3279207, 1696
3576, 0, 263, 1157, 727, 4, 4.72%, 0, 0, 23, 987.92, 3284439, 1696
3581, 0, 691, 1157, 727, 4, 4.72%, 0, 0, 23, 1097.77, 3290371, 1696
3586, 0, 1150, 1157, 727, 4, 4.72%, 0, 0, 23, 1163.36, 3295957, 1696
3592, 0, 204, 1158, 727, 3, 4.72%, 0, 0, 23, 1264.45, 3302414, 1696
3597, 0, 696, 1158, 726, 2, 4.72%, 0, 0, 23, 1056.08, 3307613, 1696
3602, 0, 819, 1161, 729, 2, 4.72%, 0, 0, 23, 1123.71, 3313380, 1696
3607, 0, 819, 1162, 730, 2, 4.72%, 0, 0, 23, 1155.04, 3319566, 1696
3612, 0, 819, 1162, 730, 2, 4.72%, 0, 0, 23, 1049.63, 3324614, 1696
3617, 0, 819, 1162, 730, 2, 4.72%, 0, 0, 23, 1136.55, 3330158, 1696
3622, 0, 819, 1162, 730, 2, 4.72%, 0, 0, 23, 1030.86, 3335303, 1696
3624, 0, 819, 1162, 730, 2, 4.72%, 0, 0, 23, 1005.92, 3336916, 1696
