# unix_time, cycles_done, cur_path, paths_total, pending_total, pending_favs, map_size, unique_crashes, unique_hangs, max_depth, execs_per_sec
1669819372, 0, 0, 1, 1, 1, 2.75%, 0, 0, 1, 0.00
1669819378, 0, 0, 149, 149, 1, 3.39%, 0, 0, 2, 741.97
1669819383, 0, 0, 290, 290, 1, 3.94%, 0, 0, 2, 768.85
1669819388, 0, 0, 317, 317, 1, 4.04%, 0, 0, 2, 807.94
1669819393, 0, 0, 348, 348, 1, 4.11%, 0, 0, 2, 794.87
1669819398, 0, 0, 383, 383, 1, 4.20%, 0, 0, 2, 781.11
1669819403, 0, 0, 392, 392, 1, 4.21%, 0, 0, 2, 821.11
1669819408, 0, 0, 401, 401, 1, 4.22%, 0, 0, 2, 832.41
1669819413, 0, 0, 415, 415, 1, 4.25%, 0, 0, 2, 849.89
1669819418, 0, 0, 418, 418, 1, 4.25%, 0, 0, 2, 828.98
1669819423, 0, 0, 425, 425, 1, 4.25%, 0, 0, 2, 802.48
1669819428, 0, 0, 430, 430, 1, 4.26%, 0, 0, 2, 770.96
1669819434, 0, 0, 463, 463, 1, 4.43%, 0, 0, 2, 769.62
1669819439, 0, 0, 469, 469, 1, 4.43%, 0, 0, 2, 789.14
1669819444, 0, 0, 475, 475, 1, 4.43%, 0, 0, 2, 797.41
1669819449, 0, 0, 484, 484, 1, 4.44%, 0, 0, 2, 779.83
1669819454, 0, 0, 485, 485, 1, 4.44%, 0, 0, 2, 786.98
1669819459, 0, 0, 487, 487, 1, 4.45%, 0, 0, 2, 790.28
1669819469, 0, 0, 488, 488, 1, 4.45%, 0, 0, 2, 667.48
1669819474, 0, 0, 491, 491, 1, 4.45%, 0, 0, 2, 600.31
1669819479, 0, 0, 495, 495, 1, 4.45%, 0, 0, 2, 676.76
1669819485, 0, 0, 497, 497, 1, 4.45%, 0, 0, 2, 739.98
1669819490, 0, 0, 498, 498, 1, 4.45%, 0, 0, 2, 801.72
1669819495, 0, 0, 499, 499, 1, 4.45%, 0, 0, 2, 831.22
1669819505, 0, 0, 502, 502, 1, 4.45%, 0, 0, 2, 816.82
1669819510, 0, 0, 506, 506, 1, 4.45%, 0, 0, 2, 806.15
1669819520, 0, 0, 512, 512, 1, 4.46%, 0, 0, 2, 832.15
1669819525, 0, 0, 518, 518, 1, 4.46%, 0, 0, 2, 792.31
1669819530, 0, 0, 525, 525, 1, 4.47%, 0, 0, 2, 818.77
1669819536, 0, 0, 531, 531, 1, 4.47%, 0, 0, 2, 803.37
1669819541, 0, 0, 628, 628, 1, 4.54%, 0, 0, 2, 804.11
1669819546, 0, 0, 764, 764, 1, 4.64%, 0, 0, 2, 751.05
1669819551, 0, 0, 808, 808, 1, 4.66%, 0, 0, 2, 729.90
1669819556, 0, 0, 856, 856, 1, 4.69%, 0, 0, 2, 818.20
1669819561, 0, 0, 882, 882, 1, 4.72%, 0, 0, 2, 801.56
1669819566, 0, 0, 901, 901, 1, 4.73%, 0, 0, 2, 775.46
1669819571, 0, 0, 916, 916, 1, 4.74%, 0, 0, 2, 801.92
1669819577, 0, 0, 927, 927, 1, 4.75%, 0, 0, 2, 846.75
1669819582, 0, 0, 940, 940, 1, 4.76%, 0, 0, 2, 828.23
1669819587, 0, 1, 944, 943, 268, 4.76%, 0, 0, 2, 812.79
1669819749, 0, 1, 947, 946, 268, 4.76%, 0, 0, 3, 751.21
1669819754, 0, 1, 959, 958, 268, 4.77%, 0, 0, 3, 773.14
1669819759, 0, 1, 972, 971, 268, 4.79%, 0, 0, 3, 774.62
1669819765, 0, 1, 977, 976, 268, 4.79%, 0, 0, 3, 787.22
1669819770, 0, 1, 986, 985, 268, 4.80%, 0, 0, 3, 734.18
1669819775, 0, 1, 997, 996, 268, 4.82%, 0, 0, 3, 818.93
1669819780, 0, 1, 1006, 1005, 268, 4.82%, 0, 0, 3, 841.49
1669819785, 0, 1, 1013, 1012, 268, 4.83%, 0, 0, 3, 833.49
1669819790, 0, 9, 1022, 1020, 280, 4.85%, 0, 0, 3, 795.35
1669819856, 0, 9, 1023, 1021, 280, 4.85%, 0, 0, 3, 813.74
1669819861, 0, 43, 1023, 1020, 280, 4.85%, 0, 0, 3, 851.51
1669819932, 0, 52, 1024, 1020, 279, 4.85%, 0, 0, 3, 826.43
1669820008, 0, 53, 1024, 1019, 278, 4.85%, 0, 0, 3, 886.81
1669820084, 0, 53, 1029, 1024, 278, 4.89%, 0, 0, 3, 837.16
1669820089, 0, 53, 1030, 1025, 278, 4.89%, 0, 0, 3, 878.40
1669820094, 0, 53, 1035, 1030, 278, 4.89%, 0, 0, 3, 860.79
1669820099, 0, 53, 1036, 1031, 278, 4.89%, 0, 0, 3, 866.00
1669820104, 0, 53, 1038, 1033, 278, 4.89%, 0, 0, 3, 863.67
1669820115, 0, 53, 1041, 1036, 278, 4.89%, 0, 0, 3, 884.33
1669820120, 0, 55, 1042, 1036, 279, 4.89%, 0, 0, 3, 871.05
1669820125, 0, 55, 1044, 1038, 279, 4.89%, 0, 0, 3, 876.68
1669820145, 0, 55, 1046, 1040, 279, 4.90%, 0, 0, 3, 864.62
1669820160, 0, 55, 1047, 1041, 279, 4.90%, 0, 0, 3, 888.50
1669820190, 0, 82, 1047, 1040, 282, 4.90%, 0, 0, 3, 883.41
1669820196, 0, 82, 1048, 1041, 282, 4.90%, 0, 0, 3, 847.78
1669820206, 0, 82, 1049, 1042, 282, 4.90%, 0, 0, 3, 832.63
1669820348, 0, 82, 1057, 1050, 282, 4.91%, 0, 0, 3, 759.60
1669820353, 0, 82, 1060, 1053, 282, 4.91%, 0, 0, 3, 726.54
1669820358, 0, 82, 1068, 1061, 282, 4.91%, 0, 0, 3, 646.32
1669820363, 0, 82, 1070, 1063, 282, 4.91%, 0, 0, 3, 719.54
1669820368, 0, 82, 1076, 1069, 282, 4.92%, 0, 0, 3, 780.36
1669820373, 0, 82, 1079, 1072, 282, 4.92%, 0, 0, 3, 778.01
1669820378, 0, 82, 1081, 1074, 282, 4.92%, 0, 0, 3, 799.20
1669820383, 0, 82, 1085, 1078, 282, 4.93%, 0, 0, 3, 760.70
1669820389, 0, 84, 1086, 1078, 289, 4.93%, 0, 0, 3, 826.85
1669820551, 0, 102, 1086, 1077, 288, 4.93%, 0, 0, 3, 792.18
1669820556, 0, 102, 1088, 1079, 288, 4.93%, 0, 0, 3, 780.91
1669820561, 0, 102, 1090, 1081, 288, 4.93%, 0, 0, 3, 780.01
1669820592, 0, 102, 1093, 1084, 288, 4.93%, 0, 0, 3, 782.68
1669820597, 0, 102, 1095, 1086, 288, 4.93%, 0, 0, 3, 763.28
1669820719, 0, 102, 1104, 1095, 288, 4.93%, 0, 0, 3, 863.01
1669820724, 0, 102, 1113, 1104, 288, 4.94%, 0, 0, 3, 864.44
1669820729, 0, 102, 1119, 1110, 288, 4.94%, 0, 0, 3, 870.56
1669820734, 0, 102, 1124, 1115, 288, 4.95%, 0, 0, 3, 851.36
1669820739, 0, 102, 1135, 1126, 288, 4.96%, 0, 0, 3, 866.94
1669820744, 0, 105, 1139, 1129, 291, 4.96%, 0, 0, 3, 869.38
1669820790, 0, 105, 1140, 1130, 291, 4.97%, 0, 0, 3, 876.18
1669820841, 0, 105, 1142, 1132, 291, 4.97%, 0, 0, 3, 813.86
1669820846, 0, 105, 1144, 1134, 291, 4.97%, 0, 0, 3, 860.04
1669820856, 0, 105, 1145, 1135, 291, 4.97%, 0, 0, 3, 874.83
1669820861, 0, 105, 1149, 1139, 291, 4.98%, 0, 0, 3, 877.53
1669820866, 0, 105, 1153, 1143, 291, 4.98%, 0, 0, 3, 878.00
1669820871, 0, 105, 1155, 1145, 291, 4.98%, 0, 0, 3, 876.96
1669820876, 0, 109, 1158, 1147, 291, 4.98%, 0, 0, 3, 872.82
1669820973, 0, 128, 1161, 1149, 290, 4.98%, 0, 0, 3, 865.52
1669821084, 0, 129, 1161, 1148, 291, 4.98%, 0, 0, 3, 830.76
1669821226, 0, 144, 1161, 1147, 290, 4.98%, 0, 0, 3, 882.71
1669821338, 0, 154, 1162, 1147, 289, 4.98%, 0, 0, 3, 880.31
1669821389, 0, 154, 1163, 1148, 289, 4.98%, 0, 0, 3, 820.35
1669821480, 0, 154, 1164, 1149, 289, 4.98%, 0, 0, 3, 844.56
1669821485, 0, 154, 1167, 1152, 289, 4.99%, 0, 0, 3, 885.12
1669821490, 0, 154, 1170, 1155, 289, 4.99%, 0, 0, 3, 883.54
1669821495, 0, 154, 1173, 1158, 289, 4.99%, 0, 0, 3, 886.63
1669821500, 0, 154, 1176, 1161, 289, 4.99%, 0, 0, 3, 891.22
1669821505, 0, 154, 1179, 1164, 289, 5.00%, 0, 0, 3, 889.30
1669821510, 0, 154, 1180, 1165, 289, 5.00%, 0, 0, 3, 887.29
1669821515, 0, 154, 1184, 1169, 289, 5.00%, 0, 0, 3, 889.70
1669821520, 0, 161, 1185, 1169, 293, 5.00%, 0, 0, 3, 869.12
1669821673, 0, 163, 1185, 1168, 292, 5.00%, 0, 0, 3, 863.67
1669821831, 0, 164, 1186, 1168, 291, 5.00%, 0, 0, 3, 867.72
1669821848, 0, 164, 1187, 1169, 291, 5.00%, 0, 0, 3, 839.71
1669821985, 0, 164, 1190, 1172, 291, 5.00%, 0, 0, 3, 879.75
1669821990, 0, 164, 1197, 1179, 291, 5.00%, 0, 0, 3, 879.92
1669821995, 0, 164, 1200, 1182, 291, 5.00%, 0, 0, 3, 883.39
1669822000, 0, 164, 1209, 1191, 291, 5.01%, 0, 0, 3, 881.26
1669822005, 0, 164, 1211, 1193, 291, 5.01%, 0, 0, 3, 884.49
1669822010, 0, 164, 1213, 1195, 291, 5.01%, 0, 0, 3, 884.75
1669822015, 0, 164, 1217, 1199, 291, 5.02%, 0, 0, 3, 875.86
1669822020, 0, 189, 1219, 1200, 297, 5.02%, 0, 0, 3, 866.50
1669822026, 0, 189, 1220, 1201, 297, 5.02%, 0, 0, 3, 842.73
1669822036, 0, 189, 1221, 1202, 297, 5.02%, 0, 0, 3, 847.69
1669822183, 0, 189, 1224, 1205, 297, 5.02%, 0, 0, 3, 855.40
1669822188, 0, 189, 1227, 1208, 297, 5.03%, 0, 0, 3, 875.65
1669822198, 0, 189, 1228, 1209, 297, 5.03%, 0, 0, 3, 879.78
1669822203, 0, 189, 1229, 1210, 297, 5.03%, 0, 0, 3, 875.91
1669822208, 0, 189, 1233, 1214, 297, 5.03%, 0, 0, 3, 878.56
1669822213, 0, 189, 1234, 1215, 297, 5.04%, 0, 0, 3, 785.34
1669822218, 0, 189, 1236, 1217, 297, 5.04%, 0, 0, 3, 829.86
1669822224, 0, 191, 1237, 1217, 302, 5.04%, 0, 0, 3, 821.98
1669822366, 0, 195, 1237, 1216, 302, 5.04%, 0, 0, 3, 852.10
1669822371, 0, 195, 1238, 1217, 302, 5.04%, 0, 0, 3, 844.04
1669822499, 0, 195, 1239, 1218, 302, 5.04%, 0, 0, 3, 842.38
1669822509, 0, 210, 1239, 1217, 302, 5.04%, 0, 0, 3, 847.63
1669822514, 0, 210, 1241, 1219, 302, 5.04%, 0, 0, 3, 802.39
1669822519, 0, 210, 1242, 1220, 302, 5.04%, 0, 0, 3, 775.81
1669822560, 0, 210, 1245, 1223, 302, 5.05%, 0, 0, 3, 838.88
1669822666, 0, 211, 1245, 1222, 302, 5.05%, 0, 0, 3, 858.21
1669822681, 0, 211, 1248, 1225, 302, 5.05%, 0, 0, 3, 847.16
1669822712, 0, 211, 1251, 1228, 302, 5.06%, 0, 0, 3, 845.96
1669822819, 0, 212, 1251, 1227, 307, 5.06%, 0, 0, 3, 796.38
1669822839, 0, 212, 1252, 1228, 307, 5.06%, 0, 0, 3, 98.97
1669822875, 0, 212, 1253, 1229, 307, 5.06%, 0, 0, 3, 830.12
1669822982, 0, 212, 1255, 1231, 307, 5.06%, 0, 0, 3, 871.29
1669822987, 0, 221, 1255, 1230, 309, 5.06%, 0, 0, 3, 849.01
1669823140, 0, 223, 1255, 1229, 308, 5.06%, 0, 0, 3, 857.05
1669823150, 0, 223, 1256, 1230, 308, 5.06%, 0, 0, 3, 847.04
1669823160, 0, 223, 1257, 1231, 308, 5.07%, 0, 0, 3, 788.09
1669823191, 0, 223, 1265, 1239, 308, 5.08%, 0, 0, 3, 840.84
1669823196, 0, 223, 1268, 1242, 308, 5.09%, 0, 0, 3, 833.45
1669823297, 0, 223, 1272, 1246, 308, 5.10%, 0, 0, 3, 872.04
1669823302, 0, 223, 1274, 1248, 308, 5.10%, 0, 0, 3, 886.89
1669823307, 0, 223, 1277, 1251, 308, 5.10%, 0, 0, 3, 884.89
1669823312, 0, 223, 1278, 1252, 308, 5.11%, 0, 0, 3, 891.61
1669823322, 0, 223, 1281, 1255, 308, 5.11%, 0, 0, 3, 873.29
1669823328, 0, 223, 1283, 1257, 308, 5.11%, 0, 0, 3, 880.13
1669823333, 0, 235, 1285, 1258, 317, 5.11%, 0, 0, 3, 873.09
1669823338, 0, 235, 1288, 1261, 317, 5.11%, 0, 0, 3, 841.41
