# unix_time, cycles_done, cur_path, paths_total, pending_total, pending_favs, map_size, unique_crashes, unique_hangs, max_depth, execs_per_sec
1669696666, 0, 0, 1, 1, 1, 1.11%, 0, 0, 1, 1142.86
1669696671, 0, 0, 111, 111, 1, 2.08%, 0, 0, 2, 1688.72
1669696676, 0, 0, 129, 129, 1, 2.20%, 0, 0, 2, 1817.40
1669696681, 0, 0, 134, 134, 1, 2.21%, 0, 0, 2, 1748.31
1669696697, 0, 0, 137, 137, 1, 2.22%, 0, 0, 2, 1737.85
1669696702, 0, 0, 144, 144, 1, 2.25%, 0, 0, 2, 1769.71
1669696707, 0, 0, 207, 207, 1, 2.38%, 0, 0, 2, 1816.48
1669696712, 0, 0, 224, 224, 1, 2.39%, 0, 0, 2, 1864.24
1669696717, 0, 0, 244, 244, 1, 2.40%, 0, 0, 2, 1876.80
1669696722, 0, 3, 253, 252, 102, 2.44%, 0, 0, 2, 1951.14
1669696727, 0, 6, 254, 252, 102, 2.44%, 0, 0, 3, 1932.38
1669696732, 0, 24, 258, 255, 101, 2.44%, 0, 0, 3, 1828.36
1669696758, 0, 24, 260, 257, 101, 2.44%, 0, 0, 3, 1690.94
1669696763, 0, 25, 265, 261, 102, 2.49%, 0, 0, 3, 1469.82
1669696768, 0, 25, 266, 262, 102, 2.50%, 0, 0, 3, 1338.39
1669696803, 0, 25, 268, 264, 102, 2.50%, 0, 0, 3, 1496.56
1669696808, 0, 27, 270, 265, 103, 2.52%, 0, 0, 3, 1499.57
1669696849, 0, 27, 272, 267, 103, 2.52%, 0, 0, 3, 1425.28
1669696854, 0, 27, 278, 273, 103, 2.55%, 0, 0, 3, 1479.32
1669696859, 0, 27, 283, 278, 103, 2.56%, 0, 0, 3, 1504.90
1669696864, 0, 27, 285, 280, 103, 2.56%, 0, 0, 3, 1449.13
1669696869, 0, 27, 286, 281, 103, 2.56%, 0, 0, 3, 1365.96
1669696874, 0, 38, 287, 281, 105, 2.56%, 0, 0, 3, 1362.38
1669696919, 0, 38, 290, 284, 105, 2.57%, 0, 0, 3, 1370.66
1669696925, 0, 38, 293, 287, 105, 2.57%, 0, 0, 3, 1482.42
1669696930, 0, 38, 295, 289, 105, 2.57%, 0, 0, 3, 1434.22
1669696940, 0, 38, 296, 290, 105, 2.57%, 0, 0, 3, 1457.87
1669696945, 0, 43, 298, 291, 105, 2.57%, 0, 0, 3, 1413.39
1669696955, 0, 43, 299, 292, 105, 2.57%, 0, 0, 3, 1240.68
1669696991, 0, 49, 299, 291, 104, 2.57%, 0, 0, 3, 1411.45
1669697021, 0, 52, 300, 291, 103, 2.57%, 0, 0, 3, 1382.00
1669697026, 0, 52, 302, 293, 103, 2.58%, 0, 0, 3, 1394.75
1669697057, 0, 53, 305, 295, 104, 2.59%, 0, 0, 3, 1403.84
1669697087, 0, 53, 306, 296, 104, 2.59%, 0, 0, 3, 1422.29
1669697092, 0, 54, 313, 302, 105, 2.62%, 0, 0, 3, 1480.07
1669697132, 0, 55, 316, 304, 108, 2.62%, 0, 0, 3, 1372.97
1669697137, 0, 55, 319, 307, 108, 2.62%, 0, 0, 3, 1213.68
1669697142, 0, 55, 322, 310, 108, 2.62%, 0, 0, 3, 1378.80
1669697178, 0, 62, 324, 311, 108, 2.62%, 0, 0, 3, 1351.09
1669697219, 0, 62, 326, 313, 108, 2.62%, 0, 0, 3, 1318.19
1669697224, 0, 66, 326, 312, 108, 2.62%, 0, 0, 3, 1340.39
1669697270, 0, 72, 326, 311, 107, 2.62%, 0, 0, 3, 1450.30
1669697310, 0, 77, 326, 310, 106, 2.62%, 0, 0, 3, 1469.20
1669697325, 0, 77, 327, 311, 106, 2.63%, 0, 0, 3, 1502.99
1669697351, 0, 77, 328, 312, 106, 2.63%, 0, 0, 3, 1488.51
1669697356, 0, 84, 329, 312, 107, 2.63%, 0, 0, 3, 1496.60
1669697396, 0, 86, 345, 327, 107, 2.67%, 0, 0, 3, 1476.43
1669697401, 0, 86, 354, 336, 107, 2.71%, 0, 0, 3, 1477.20
1669697406, 0, 86, 355, 337, 107, 2.72%, 0, 0, 3, 1438.26
1669697411, 0, 86, 356, 338, 107, 2.72%, 0, 0, 3, 1444.22
1669697417, 0, 86, 376, 358, 107, 2.72%, 0, 0, 3, 1438.33
1669697422, 0, 86, 382, 364, 107, 2.75%, 0, 0, 3, 1392.88
1669697427, 0, 86, 384, 366, 107, 2.75%, 0, 0, 3, 1399.18
1669697432, 0, 86, 387, 369, 107, 2.75%, 0, 0, 3, 1484.62
1669697437, 0, 91, 390, 371, 129, 2.76%, 0, 0, 3, 1453.53
1669697477, 0, 91, 392, 373, 129, 2.76%, 0, 0, 3, 1411.25
1669697483, 0, 92, 392, 372, 130, 2.76%, 0, 0, 3, 1495.57
1669697518, 0, 92, 394, 374, 130, 2.77%, 0, 0, 3, 1503.88
1669697523, 0, 96, 395, 374, 130, 2.77%, 0, 0, 3, 1467.55
1669697528, 0, 96, 396, 375, 130, 2.77%, 0, 0, 3, 1389.79
1669697564, 0, 97, 396, 374, 129, 2.77%, 0, 0, 3, 1484.91
1669697574, 0, 97, 397, 375, 129, 2.77%, 0, 0, 3, 1452.50
1669697609, 0, 99, 398, 375, 129, 2.77%, 0, 0, 3, 1350.77
1669697614, 0, 99, 399, 376, 129, 2.77%, 0, 0, 3, 1381.32
1669697655, 0, 100, 407, 383, 127, 2.81%, 0, 0, 3, 1583.34
1669697660, 0, 100, 408, 384, 127, 2.81%, 0, 0, 3, 1569.78
1669697695, 0, 101, 410, 385, 132, 2.84%, 0, 0, 3, 1498.56
1669697726, 0, 104, 410, 384, 133, 2.84%, 0, 0, 3, 1418.40
1669697736, 0, 104, 411, 385, 133, 2.84%, 0, 0, 3, 1488.04
1669697741, 0, 104, 412, 386, 133, 2.84%, 0, 0, 3, 1576.10
1669697761, 0, 105, 412, 385, 132, 2.84%, 0, 0, 3, 1610.77
1669697771, 0, 111, 420, 392, 131, 2.86%, 0, 0, 3, 1581.80
1669697776, 0, 111, 423, 395, 131, 2.86%, 0, 0, 3, 1514.22
1669697802, 0, 111, 424, 396, 131, 2.86%, 0, 0, 3, 1220.04
1669697812, 0, 112, 425, 396, 136, 2.87%, 0, 0, 3, 1478.59
1669697852, 0, 113, 425, 395, 136, 2.87%, 0, 0, 3, 1386.88
1669697898, 0, 114, 425, 394, 135, 2.87%, 0, 0, 3, 1419.67
1669697908, 0, 114, 427, 396, 135, 2.88%, 0, 0, 3, 1432.09
1669697943, 0, 116, 428, 396, 136, 2.88%, 0, 0, 3, 1414.43
1669697948, 0, 116, 429, 397, 136, 2.88%, 0, 0, 3, 1392.85
1669697984, 0, 116, 431, 399, 136, 2.88%, 0, 0, 3, 1539.17
1669697989, 0, 117, 432, 399, 137, 2.89%, 0, 0, 3, 1458.66
1669698030, 0, 117, 434, 401, 137, 2.89%, 0, 0, 3, 1254.89
1669698035, 0, 118, 435, 401, 137, 2.90%, 0, 0, 3, 1271.55
1669698040, 0, 118, 440, 406, 137, 2.92%, 0, 0, 3, 1288.42
1669698075, 0, 118, 441, 407, 137, 2.92%, 0, 0, 3, 1336.96
1669698080, 0, 118, 442, 408, 137, 2.92%, 0, 0, 3, 1486.72
1669698085, 0, 119, 442, 407, 138, 2.92%, 0, 0, 3, 1363.68
1669698111, 0, 121, 445, 409, 137, 2.92%, 0, 0, 3, 1524.42
1669698151, 0, 121, 446, 410, 137, 2.92%, 0, 0, 3, 1586.92
1669698156, 0, 122, 448, 411, 137, 2.92%, 0, 0, 3, 1557.55
1669698166, 0, 122, 449, 412, 137, 2.92%, 0, 0, 3, 1520.74
1669698186, 0, 123, 451, 413, 137, 2.92%, 0, 0, 3, 1602.88
1669698191, 0, 123, 452, 414, 137, 2.93%, 0, 0, 3, 1605.11
1669698196, 0, 123, 454, 416, 137, 2.94%, 0, 0, 3, 1508.22
1669698227, 0, 124, 457, 418, 140, 2.94%, 0, 0, 3, 1590.44
1669698242, 0, 124, 458, 419, 140, 2.94%, 0, 0, 3, 1641.72
1669698267, 0, 125, 461, 421, 140, 2.95%, 0, 0, 3, 1580.96
1669698297, 0, 126, 462, 421, 140, 2.95%, 0, 0, 3, 1642.46
1669698308, 0, 126, 463, 422, 140, 2.95%, 0, 0, 3, 1599.62
1669698333, 0, 127, 464, 422, 139, 2.95%, 0, 0, 3, 1604.92
1669698363, 0, 132, 465, 422, 138, 2.96%, 0, 0, 3, 1600.48
1669698384, 0, 132, 466, 423, 138, 2.96%, 0, 0, 3, 1612.33
1669698389, 0, 133, 466, 422, 138, 2.96%, 0, 0, 3, 1592.36
1669698419, 0, 137, 466, 421, 137, 2.96%, 0, 0, 3, 1645.87
1669698424, 0, 138, 470, 424, 139, 2.98%, 0, 0, 3, 1677.25
1669698460, 0, 138, 474, 428, 139, 2.98%, 0, 0, 3, 1632.93
1669698465, 0, 140, 474, 427, 138, 2.98%, 0, 0, 3, 1567.12
1669698500, 0, 141, 474, 426, 137, 2.98%, 0, 0, 3, 1581.45
1669698535, 0, 143, 474, 425, 136, 2.98%, 0, 0, 3, 1548.87
1669698571, 0, 144, 474, 424, 135, 2.98%, 0, 0, 3, 1664.41
1669698576, 0, 146, 474, 423, 134, 2.98%, 0, 0, 3, 1667.67
1669698581, 0, 149, 474, 422, 133, 2.98%, 0, 0, 3, 1653.23
1669698591, 0, 150, 474, 421, 132, 2.98%, 0, 0, 3, 1631.90
1669698596, 0, 151, 481, 427, 131, 3.00%, 0, 0, 3, 1656.84
1669698606, 0, 151, 485, 431, 131, 3.01%, 0, 0, 3, 1642.18
1669698611, 0, 151, 489, 435, 131, 3.05%, 0, 0, 3, 1629.29
1669698617, 0, 151, 495, 441, 131, 3.09%, 0, 0, 3, 1643.17
1669698622, 0, 152, 496, 441, 137, 3.09%, 0, 0, 3, 1623.82
1669698632, 0, 155, 496, 440, 136, 3.09%, 0, 0, 3, 1627.86
1669698642, 0, 164, 496, 439, 135, 3.09%, 0, 0, 3, 1631.49
1669698652, 0, 167, 496, 438, 134, 3.09%, 0, 0, 3, 1671.93
1669698657, 0, 175, 496, 437, 133, 3.09%, 0, 0, 3, 1658.21
1669698693, 0, 178, 496, 436, 132, 3.09%, 0, 0, 3, 1698.89
1669698708, 0, 184, 496, 435, 131, 3.09%, 0, 0, 3, 1709.67
1669698713, 0, 189, 497, 435, 129, 3.10%, 0, 0, 3, 1692.50
1669698718, 0, 196, 497, 433, 127, 3.10%, 0, 0, 3, 1621.06
1669698728, 0, 196, 498, 434, 127, 3.10%, 0, 0, 3, 1650.35
1669698733, 0, 197, 499, 434, 126, 3.10%, 0, 0, 3, 1532.53
1669698754, 0, 198, 499, 433, 125, 3.10%, 0, 0, 3, 1698.08
1669698794, 0, 201, 499, 432, 124, 3.10%, 0, 0, 3, 1707.15
1669698799, 0, 203, 499, 431, 123, 3.10%, 0, 0, 3, 1590.29
1669698835, 0, 205, 501, 432, 122, 3.10%, 0, 0, 3, 1591.98
1669698840, 0, 205, 502, 433, 122, 3.11%, 0, 0, 3, 1622.33
1669698850, 0, 208, 503, 433, 121, 3.11%, 0, 0, 3, 1643.61
1669698875, 0, 218, 504, 433, 120, 3.11%, 0, 0, 3, 1639.90
1669698881, 0, 219, 506, 434, 122, 3.12%, 0, 0, 3, 1661.60
1669698891, 0, 219, 507, 435, 122, 3.12%, 0, 0, 3, 1679.41
1669698916, 0, 220, 507, 434, 121, 3.12%, 0, 0, 3, 1642.69
1669698936, 0, 221, 507, 433, 120, 3.12%, 0, 0, 3, 1609.78
1669698961, 0, 223, 510, 435, 119, 3.17%, 0, 0, 3, 1652.45
1669698966, 0, 224, 511, 435, 121, 3.18%, 0, 0, 3, 1618.61
1669698971, 0, 224, 512, 436, 121, 3.18%, 0, 0, 3, 1590.34
1669698997, 0, 225, 512, 435, 121, 3.18%, 0, 0, 3, 1551.95
1669699022, 0, 230, 513, 435, 120, 3.18%, 0, 0, 3, 1586.88
1669699057, 0, 231, 516, 437, 119, 3.18%, 0, 0, 3, 1619.83
1669699062, 0, 231, 519, 440, 119, 3.18%, 0, 0, 3, 1667.08
1669699067, 0, 231, 521, 442, 119, 3.18%, 0, 0, 3, 1647.33
1669699093, 0, 231, 522, 443, 119, 3.18%, 0, 0, 3, 1669.63
1669699098, 0, 232, 522, 442, 118, 3.18%, 0, 0, 3, 1678.10
1669699103, 0, 233, 523, 442, 118, 3.18%, 0, 0, 3, 1591.12
1669699138, 0, 234, 523, 441, 117, 3.18%, 0, 0, 3, 1627.59
1669699148, 0, 234, 524, 442, 117, 3.18%, 0, 0, 3, 1653.43
1669699179, 0, 236, 524, 441, 117, 3.18%, 0, 0, 3, 1656.19
1669699219, 0, 238, 524, 440, 116, 3.18%, 0, 0, 3, 1650.66
1669699229, 0, 240, 525, 440, 115, 3.18%, 0, 0, 3, 1602.28
1669699270, 0, 242, 525, 439, 114, 3.18%, 0, 0, 3, 1587.86
1669699275, 0, 242, 527, 441, 114, 3.18%, 0, 0, 3, 1599.46
1669699295, 0, 244, 527, 440, 113, 3.18%, 0, 0, 3, 1701.50
1669699300, 0, 244, 528, 441, 113, 3.18%, 0, 0, 3, 1738.29
1669699305, 0, 245, 528, 440, 113, 3.18%, 0, 0, 3, 1775.50
1669699335, 0, 246, 529, 440, 112, 3.19%, 0, 0, 3, 1786.79
1669699340, 0, 247, 534, 444, 113, 3.20%, 0, 0, 3, 1767.34
1669699346, 0, 247, 541, 451, 113, 3.23%, 0, 0, 3, 1750.94
1669699351, 0, 247, 544, 454, 113, 3.25%, 0, 0, 3, 1760.86
1669699361, 0, 247, 545, 455, 113, 3.25%, 0, 0, 3, 1747.61
1669699366, 0, 253, 545, 454, 124, 3.25%, 0, 0, 3, 1783.23
1669699371, 0, 255, 545, 453, 123, 3.25%, 0, 0, 3, 1708.34
1669699401, 0, 265, 547, 454, 122, 3.25%, 0, 0, 4, 1637.74
1669699437, 0, 265, 548, 455, 122, 3.25%, 0, 0, 4, 1373.70
1669699442, 0, 266, 555, 461, 122, 3.26%, 0, 0, 4, 1589.83
1669699447, 0, 266, 561, 467, 122, 3.26%, 0, 0, 4, 1636.32
1669699452, 0, 266, 562, 468, 122, 3.26%, 0, 0, 4, 1646.64
1669699472, 0, 266, 572, 478, 122, 3.35%, 0, 0, 4, 1718.85
1669699477, 0, 266, 576, 482, 122, 3.35%, 0, 0, 4, 1711.76
1669699482, 0, 266, 578, 484, 122, 3.35%, 0, 0, 4, 1730.22
1669699488, 0, 267, 578, 483, 132, 3.35%, 0, 0, 4, 1743.76
1669699493, 0, 267, 579, 484, 132, 3.35%, 0, 0, 4, 1671.05
1669699533, 0, 268, 579, 483, 132, 3.35%, 0, 0, 4, 1653.19
1669699564, 0, 281, 582, 485, 131, 3.35%, 0, 0, 4, 1603.91
1669699569, 0, 281, 583, 486, 131, 3.35%, 0, 0, 4, 1546.03
1669699574, 0, 281, 585, 488, 131, 3.35%, 0, 0, 4, 1550.37
1669699605, 0, 300, 591, 493, 130, 3.43%, 0, 0, 4, 1560.90
1669699610, 0, 300, 592, 494, 130, 3.44%, 0, 0, 4, 1587.08
1669699645, 0, 301, 593, 494, 133, 3.44%, 0, 0, 4, 1698.94
1669699675, 0, 303, 602, 502, 133, 3.47%, 0, 0, 4, 1646.08
1669699711, 0, 307, 603, 502, 138, 3.47%, 0, 0, 4, 1674.57
1669699747, 0, 308, 604, 502, 138, 3.47%, 0, 0, 4, 1751.64
1669699777, 0, 311, 609, 506, 138, 3.47%, 0, 0, 4, 1757.13
1669699787, 0, 311, 611, 508, 138, 3.47%, 0, 0, 4, 1678.56
1669699813, 0, 311, 612, 509, 138, 3.47%, 0, 0, 4, 1730.87
1669699818, 0, 323, 614, 510, 140, 3.47%, 0, 0, 4, 1750.23
1669699828, 0, 323, 615, 511, 140, 3.47%, 0, 0, 4, 1747.13
1669699853, 0, 326, 616, 511, 140, 3.47%, 0, 0, 4, 1635.15
1669699883, 0, 327, 616, 510, 140, 3.47%, 0, 0, 4, 1546.50
1669699924, 0, 328, 618, 511, 139, 3.47%, 0, 0, 4, 1613.44
1669699965, 0, 329, 619, 511, 139, 3.47%, 0, 0, 4, 1654.42
1669699980, 0, 330, 619, 510, 139, 3.47%, 0, 0, 4, 1645.11
1669700000, 0, 331, 620, 510, 138, 3.47%, 0, 0, 4, 1594.80
1669700010, 0, 333, 620, 509, 136, 3.47%, 0, 0, 4, 1606.88
1669700020, 0, 334, 620, 508, 135, 3.47%, 0, 0, 4, 1701.87
1669700025, 0, 334, 621, 509, 135, 3.47%, 0, 0, 4, 1728.58
1669700041, 0, 335, 622, 509, 132, 3.47%, 0, 0, 4, 1733.34
1669700056, 0, 341, 622, 508, 132, 3.47%, 0, 0, 4, 1754.45
1669700061, 0, 342, 625, 510, 131, 3.47%, 0, 0, 4, 1747.65
1669700071, 0, 342, 626, 511, 131, 3.47%, 0, 0, 4, 1714.32
1669700087, 0, 347, 629, 513, 134, 3.47%, 0, 0, 4, 1740.80
1669700102, 0, 353, 630, 513, 133, 3.47%, 0, 0, 4, 1750.97
1669700107, 0, 353, 632, 515, 133, 3.47%, 0, 0, 4, 1718.74
1669700122, 0, 354, 635, 517, 132, 3.48%, 0, 0, 4, 1739.65
1669700127, 0, 355, 635, 516, 132, 3.48%, 0, 0, 4, 1759.33
1669700137, 0, 358, 635, 515, 131, 3.48%, 0, 0, 4, 1688.99
1669700147, 0, 362, 635, 514, 129, 3.48%, 0, 0, 4, 1573.97
1669700167, 0, 367, 635, 513, 127, 3.48%, 0, 0, 4, 1550.91
1669700188, 0, 378, 636, 513, 126, 3.49%, 0, 0, 4, 1337.83
1669700193, 0, 378, 637, 514, 126, 3.49%, 0, 0, 4, 1376.34
1669700198, 0, 380, 638, 514, 128, 3.49%, 0, 0, 4, 1473.34
1669700213, 0, 383, 639, 514, 127, 3.52%, 0, 0, 4, 1615.28
1669700223, 0, 389, 640, 514, 127, 3.52%, 0, 0, 4, 1711.30
1669700264, 0, 393, 640, 513, 127, 3.52%, 0, 0, 4, 1616.58
1669700299, 0, 396, 640, 512, 126, 3.52%, 0, 0, 4, 1621.38
1669700304, 0, 396, 641, 513, 126, 3.52%, 0, 0, 4, 1621.29
1669700314, 0, 396, 642, 514, 126, 3.52%, 0, 0, 4, 1631.23
1669700340, 0, 398, 643, 514, 127, 3.52%, 0, 0, 4, 1703.24
1669700380, 0, 400, 646, 516, 126, 3.52%, 0, 0, 4, 1653.72
1669700385, 0, 400, 649, 519, 126, 3.52%, 0, 0, 4, 1646.80
1669700420, 0, 401, 649, 518, 125, 3.52%, 0, 0, 4, 1510.94
1669700456, 0, 403, 649, 517, 124, 3.52%, 0, 0, 4, 1489.82
