# unix_time, cycles_done, cur_path, paths_total, pending_total, pending_favs, map_size, unique_crashes, unique_hangs, max_depth, execs_per_sec
1669643562, 0, 0, 1, 1, 1, 0.74%, 0, 0, 1, 1142.86
1669643567, 0, 0, 173, 173, 1, 2.27%, 0, 0, 2, 1860.57
1669643572, 0, 0, 237, 237, 1, 2.57%, 0, 0, 2, 1893.28
1669643577, 0, 0, 245, 245, 1, 2.58%, 0, 0, 2, 1942.98
1669643592, 0, 0, 257, 257, 1, 2.60%, 0, 0, 2, 1789.25
1669643597, 0, 0, 290, 290, 1, 2.69%, 0, 0, 2, 1788.44
1669643602, 0, 0, 453, 453, 1, 3.20%, 0, 0, 2, 1944.33
1669643608, 0, 0, 535, 535, 1, 3.47%, 0, 0, 2, 2161.11
1669643613, 0, 0, 578, 578, 1, 3.59%, 0, 0, 2, 2115.68
1669643618, 0, 12, 596, 595, 289, 3.67%, 0, 0, 3, 1882.64
1669643623, 0, 12, 600, 599, 289, 3.68%, 0, 0, 3, 1860.08
1669643654, 0, 12, 630, 629, 289, 3.81%, 0, 0, 3, 2004.04
1669643659, 0, 12, 663, 662, 289, 3.93%, 0, 0, 3, 2054.52
1669643664, 0, 12, 692, 691, 289, 4.05%, 0, 0, 3, 2079.19
1669643669, 0, 13, 706, 704, 357, 4.11%, 0, 0, 3, 1949.06
1669643674, 0, 13, 741, 739, 357, 4.21%, 0, 0, 3, 1948.81
1669643679, 0, 13, 742, 740, 357, 4.21%, 0, 0, 3, 1880.76
1669643705, 0, 13, 773, 771, 357, 4.29%, 0, 0, 3, 112.36
1669643710, 0, 13, 804, 802, 357, 4.40%, 0, 0, 3, 1870.80
1669643715, 0, 13, 823, 821, 357, 4.46%, 0, 0, 3, 1919.72
1669643720, 0, 14, 837, 834, 441, 4.49%, 0, 0, 3, 1916.41
1669643725, 0, 14, 882, 879, 441, 4.66%, 0, 0, 3, 1935.41
1669643755, 0, 14, 911, 908, 441, 4.72%, 0, 0, 3, 1941.67
1669643760, 0, 14, 927, 924, 441, 4.76%, 0, 0, 3, 1969.50
1669643765, 0, 14, 952, 949, 441, 4.85%, 0, 0, 3, 2159.64
1669643771, 0, 16, 959, 955, 525, 4.87%, 0, 0, 3, 2116.67
1669643776, 0, 16, 960, 956, 525, 4.87%, 0, 0, 3, 2074.74
1669643781, 0, 16, 961, 957, 525, 4.87%, 0, 0, 3, 2073.92
1669643801, 0, 16, 966, 962, 525, 4.89%, 0, 0, 3, 2019.76
1669643806, 0, 16, 980, 976, 525, 4.93%, 0, 0, 3, 2038.59
1669643811, 0, 16, 985, 981, 525, 5.01%, 0, 0, 3, 1942.24
1669643817, 0, 17, 993, 988, 537, 5.03%, 0, 0, 3, 1989.62
1669643827, 0, 17, 994, 989, 537, 5.03%, 0, 0, 3, 1934.55
1669643852, 0, 18, 998, 992, 538, 5.05%, 0, 0, 3, 1935.39
1669643863, 0, 18, 999, 993, 538, 5.05%, 0, 0, 3, 1875.83
1669643888, 0, 18, 1009, 1003, 538, 5.08%, 0, 0, 3, 1876.33
1669643894, 0, 18, 1015, 1009, 538, 5.09%, 0, 0, 3, 1901.80
1669643899, 0, 18, 1018, 1012, 538, 5.09%, 0, 0, 3, 1857.74
1669643904, 0, 19, 1023, 1016, 553, 5.12%, 0, 0, 3, 1792.64
1669643909, 0, 19, 1025, 1018, 553, 5.13%, 0, 0, 3, 1911.13
1669643919, 0, 19, 1026, 1019, 553, 5.13%, 0, 0, 3, 1833.37
1669643939, 0, 20, 1031, 1023, 556, 5.13%, 0, 0, 3, 1984.39
1669643944, 0, 20, 1032, 1024, 556, 5.13%, 0, 0, 3, 2091.62
1669643975, 0, 24, 1034, 1025, 557, 5.15%, 0, 0, 3, 1857.50
1669643985, 0, 24, 1035, 1026, 557, 5.15%, 0, 0, 3, 1730.33
1669644010, 0, 30, 1035, 1025, 558, 5.15%, 0, 0, 3, 1564.15
1669644015, 0, 30, 1036, 1026, 558, 5.15%, 0, 0, 3, 1602.44
1669644025, 0, 30, 1037, 1027, 558, 5.15%, 0, 0, 3, 1746.24
1669644046, 0, 30, 1038, 1028, 558, 5.16%, 0, 0, 3, 1649.39
1669644051, 0, 30, 1048, 1038, 558, 5.16%, 0, 0, 3, 1812.15
1669644056, 0, 30, 1055, 1045, 558, 5.17%, 0, 0, 3, 1866.17
1669644061, 0, 53, 1057, 1046, 564, 5.17%, 0, 0, 3, 1816.84
1669644096, 0, 54, 1058, 1046, 563, 5.17%, 0, 0, 3, 1834.55
1669644137, 0, 54, 1068, 1056, 563, 5.19%, 0, 0, 3, 1825.06
1669644142, 0, 54, 1078, 1066, 563, 5.21%, 0, 0, 3, 1868.54
1669644147, 0, 70, 1092, 1079, 574, 5.26%, 0, 0, 3, 1699.16
1669644152, 0, 70, 1096, 1083, 574, 5.27%, 0, 0, 3, 1634.15
1669644157, 0, 70, 1097, 1084, 574, 5.27%, 0, 0, 3, 1585.03
1669644162, 0, 70, 1098, 1085, 574, 5.27%, 0, 0, 3, 1684.36
1669644187, 0, 75, 1100, 1086, 579, 5.27%, 0, 0, 3, 1859.32
1669644223, 0, 95, 1100, 1085, 579, 5.27%, 0, 0, 3, 1837.37
1669644228, 0, 95, 1103, 1088, 579, 5.27%, 0, 0, 3, 1852.47
1669644233, 0, 95, 1105, 1090, 579, 5.27%, 0, 0, 3, 1851.03
1669644259, 0, 99, 1106, 1090, 579, 5.28%, 0, 0, 3, 1835.38
1669644264, 0, 99, 1120, 1104, 579, 5.31%, 0, 0, 3, 1711.77
1669644269, 0, 99, 1123, 1107, 579, 5.32%, 0, 0, 3, 1718.33
1669644274, 0, 99, 1124, 1108, 579, 5.33%, 0, 0, 3, 1744.53
1669644289, 0, 99, 1128, 1112, 579, 5.33%, 0, 0, 3, 1740.95
1669644299, 0, 99, 1133, 1117, 579, 5.34%, 0, 0, 3, 1577.99
1669644304, 0, 99, 1140, 1124, 579, 5.35%, 0, 0, 3, 1760.85
1669644309, 0, 99, 1150, 1134, 579, 5.38%, 0, 0, 3, 1834.26
1669644314, 0, 100, 1156, 1139, 604, 5.44%, 0, 0, 3, 1556.02
1669644319, 0, 100, 1157, 1140, 604, 5.45%, 0, 0, 3, 1622.46
1669644345, 0, 100, 1158, 1141, 604, 5.46%, 0, 0, 3, 1544.52
1669644350, 0, 100, 1159, 1142, 604, 5.46%, 0, 0, 3, 1647.88
1669644355, 0, 111, 1160, 1142, 610, 5.46%, 0, 0, 3, 1812.68
1669644360, 0, 112, 1161, 1142, 610, 5.46%, 0, 0, 3, 1948.34
1669644365, 0, 115, 1165, 1145, 610, 5.47%, 0, 0, 3, 1843.25
1669644370, 0, 115, 1189, 1169, 610, 5.53%, 0, 0, 3, 1679.66
1669644375, 0, 115, 1204, 1184, 610, 5.60%, 0, 0, 3, 1656.74
1669644380, 0, 115, 1205, 1185, 610, 5.60%, 0, 0, 3, 1655.39
1669644405, 0, 116, 1208, 1187, 635, 5.61%, 0, 0, 3, 1644.86
1669644421, 0, 116, 1209, 1188, 635, 5.61%, 0, 0, 3, 1665.75
1669644446, 0, 117, 1209, 1187, 637, 5.61%, 0, 0, 3, 1620.96
1669644486, 0, 118, 1218, 1195, 636, 5.65%, 0, 0, 3, 1513.71
1669644491, 0, 118, 1222, 1199, 636, 5.65%, 0, 0, 3, 1569.88
1669644502, 0, 118, 1224, 1201, 636, 5.65%, 0, 0, 3, 1517.07
1669644527, 0, 119, 1224, 1200, 643, 5.65%, 0, 0, 3, 1577.89
1669644567, 0, 121, 1225, 1200, 642, 5.66%, 0, 0, 3, 1597.39
1669644583, 0, 121, 1226, 1201, 642, 5.66%, 0, 0, 3, 1799.81
1669644603, 0, 134, 1227, 1201, 642, 5.66%, 0, 0, 3, 1700.52
1669644608, 0, 134, 1229, 1203, 642, 5.67%, 0, 0, 3, 1733.05
1669644613, 0, 134, 1230, 1204, 642, 5.67%, 0, 0, 3, 1633.73
1669644638, 0, 137, 1231, 1204, 642, 5.67%, 0, 0, 3, 1787.16
1669644674, 0, 138, 1231, 1203, 641, 5.67%, 0, 0, 3, 1757.92
1669644679, 0, 138, 1242, 1214, 641, 5.72%, 0, 0, 3, 1723.64
1669644684, 0, 138, 1245, 1217, 641, 5.73%, 0, 0, 3, 1696.62
1669644709, 0, 138, 1249, 1221, 641, 5.75%, 0, 0, 3, 1753.22
1669644714, 0, 138, 1251, 1223, 641, 5.75%, 0, 0, 3, 1683.45
1669644719, 0, 138, 1258, 1230, 641, 5.79%, 0, 0, 3, 1813.41
1669644724, 0, 138, 1271, 1243, 641, 5.83%, 0, 0, 3, 1915.83
1669644729, 0, 141, 1272, 1243, 662, 5.83%, 0, 0, 3, 1812.79
1669644765, 0, 142, 1272, 1242, 661, 5.83%, 0, 0, 3, 1809.60
1669644800, 0, 146, 1272, 1241, 660, 5.83%, 0, 0, 3, 1801.97
1669644805, 0, 146, 1274, 1243, 660, 5.83%, 0, 0, 3, 1775.07
1669644841, 0, 149, 1275, 1243, 660, 5.83%, 0, 0, 3, 1706.35
1669644876, 0, 153, 1279, 1246, 659, 5.84%, 0, 0, 3, 1818.99
1669644881, 0, 153, 1280, 1247, 659, 5.84%, 0, 0, 3, 1845.73
1669644886, 0, 153, 1281, 1248, 659, 5.84%, 0, 0, 3, 1832.26
1669644911, 0, 154, 1282, 1248, 662, 5.85%, 0, 0, 3, 1817.44
1669644947, 0, 154, 1284, 1250, 662, 5.86%, 0, 0, 3, 1788.61
1669644952, 0, 159, 1292, 1257, 662, 5.86%, 0, 0, 3, 1702.99
1669644962, 0, 159, 1296, 1261, 662, 5.87%, 0, 0, 3, 1536.47
1669644983, 0, 159, 1298, 1263, 662, 5.87%, 0, 0, 3, 1676.35
1669644988, 0, 159, 1304, 1269, 662, 5.89%, 0, 0, 3, 1802.03
1669644993, 0, 159, 1312, 1277, 662, 5.90%, 0, 0, 3, 1822.92
1669644998, 0, 164, 1313, 1277, 673, 5.90%, 0, 0, 3, 1800.25
1669645003, 0, 164, 1314, 1278, 673, 5.90%, 0, 0, 3, 1683.45
1669645038, 0, 166, 1317, 1280, 672, 5.92%, 0, 0, 3, 1742.30
1669645043, 0, 166, 1318, 1281, 672, 5.92%, 0, 0, 3, 1787.13
1669645049, 0, 166, 1319, 1282, 672, 5.92%, 0, 0, 3, 1806.28
1669645074, 0, 169, 1320, 1282, 675, 5.92%, 0, 0, 3, 1791.37
1669645079, 0, 169, 1321, 1283, 675, 5.92%, 0, 0, 3, 1733.69
1669645114, 0, 174, 1321, 1282, 675, 5.92%, 0, 0, 3, 1616.01
1669645150, 0, 177, 1321, 1281, 674, 5.92%, 0, 0, 3, 1734.32
1669645190, 0, 178, 1321, 1280, 673, 5.92%, 0, 0, 3, 1735.73
1669645226, 0, 181, 1323, 1281, 672, 5.93%, 0, 0, 3, 1677.59
1669645241, 0, 181, 1324, 1282, 672, 5.93%, 0, 0, 3, 1631.01
1669645266, 0, 182, 1324, 1281, 673, 5.93%, 0, 0, 3, 1636.64
1669645307, 0, 183, 1328, 1284, 672, 5.98%, 0, 0, 3, 1656.34
1669645312, 0, 183, 1329, 1285, 672, 5.98%, 0, 0, 3, 1745.43
1669645317, 0, 183, 1331, 1287, 672, 5.98%, 0, 0, 3, 1776.27
1669645342, 0, 183, 1336, 1292, 672, 5.99%, 0, 0, 3, 1800.41
1669645348, 0, 183, 1340, 1296, 672, 6.00%, 0, 0, 3, 1708.68
1669645353, 0, 183, 1344, 1300, 672, 6.02%, 0, 0, 3, 1637.45
1669645358, 0, 184, 1344, 1299, 681, 6.02%, 0, 0, 3, 1762.05
1669645393, 0, 186, 1344, 1298, 680, 6.02%, 0, 0, 3, 1746.95
1669645434, 0, 187, 1344, 1297, 679, 6.02%, 0, 0, 3, 1667.21
1669645469, 0, 188, 1344, 1296, 678, 6.02%, 0, 0, 3, 1735.75
1669645474, 0, 188, 1346, 1298, 678, 6.02%, 0, 0, 3, 1785.58
1669645485, 0, 188, 1347, 1299, 678, 6.02%, 0, 0, 3, 1754.04
1669645510, 0, 189, 1347, 1298, 679, 6.02%, 0, 0, 3, 1669.19
1669645550, 0, 190, 1347, 1297, 678, 6.02%, 0, 0, 3, 1613.07
1669645591, 0, 191, 1348, 1297, 677, 6.02%, 0, 0, 3, 1759.69
1669645626, 0, 192, 1348, 1296, 676, 6.02%, 0, 0, 3, 1657.98
1669645667, 0, 192, 1350, 1298, 676, 6.03%, 0, 0, 3, 1637.75
1669645672, 0, 193, 1350, 1297, 677, 6.03%, 0, 0, 3, 1598.01
1669645717, 0, 196, 1352, 1298, 676, 6.04%, 0, 0, 3, 1369.17
1669645732, 0, 196, 1353, 1299, 676, 6.04%, 0, 0, 3, 1404.89
1669645763, 0, 197, 1356, 1301, 677, 6.05%, 0, 0, 3, 1543.64
1669645778, 0, 197, 1357, 1302, 677, 6.05%, 0, 0, 3, 1496.85
1669645809, 0, 198, 1366, 1310, 680, 6.09%, 0, 0, 3, 1607.84
1669645814, 0, 198, 1375, 1319, 680, 6.09%, 0, 0, 3, 1582.68
1669645824, 0, 198, 1377, 1321, 680, 6.10%, 0, 0, 3, 1573.30
1669645849, 0, 198, 1381, 1325, 680, 6.12%, 0, 0, 3, 1575.18
1669645854, 0, 198, 1384, 1328, 680, 6.12%, 0, 0, 3, 1649.00
1669645859, 0, 198, 1387, 1331, 680, 6.12%, 0, 0, 3, 1669.66
1669645864, 0, 198, 1392, 1336, 680, 6.12%, 0, 0, 3, 1705.56
1669645869, 0, 199, 1395, 1338, 685, 6.14%, 0, 0, 3, 1670.79
1669645905, 0, 200, 1395, 1337, 684, 6.14%, 0, 0, 3, 1855.16
1669645940, 0, 200, 1396, 1338, 684, 6.14%, 0, 0, 3, 1669.90
1669645945, 0, 200, 1402, 1344, 684, 6.15%, 0, 0, 3, 1664.82
1669645950, 0, 200, 1404, 1346, 684, 6.16%, 0, 0, 3, 1756.25
1669645955, 0, 200, 1405, 1347, 684, 6.16%, 0, 0, 3, 1865.02
1669645960, 0, 201, 1411, 1352, 687, 6.17%, 0, 0, 3, 1776.26
1669645965, 0, 201, 1413, 1354, 687, 6.18%, 0, 0, 3, 1721.80
1669645970, 0, 201, 1416, 1357, 687, 6.19%, 0, 0, 3, 1754.06
1669645975, 0, 201, 1417, 1358, 687, 6.19%, 0, 0, 3, 1726.15
1669646001, 0, 201, 1425, 1366, 687, 6.21%, 0, 0, 3, 1878.86
1669646006, 0, 201, 1431, 1372, 687, 6.23%, 0, 0, 3, 1955.24
1669646011, 0, 210, 1433, 1373, 706, 6.23%, 0, 0, 3, 1916.12
1669646036, 0, 226, 1435, 1374, 706, 6.24%, 0, 0, 3, 1805.20
1669646041, 0, 226, 1437, 1376, 706, 6.24%, 0, 0, 3, 1805.19
1669646072, 0, 227, 1440, 1378, 708, 6.25%, 0, 0, 3, 1739.48
1669646077, 0, 227, 1442, 1380, 708, 6.25%, 0, 0, 3, 1571.36
1669646082, 0, 227, 1446, 1384, 708, 6.26%, 0, 0, 3, 1659.50
1669646107, 0, 227, 1448, 1386, 708, 6.26%, 0, 0, 3, 1739.02
1669646112, 0, 227, 1450, 1388, 708, 6.27%, 0, 0, 3, 1711.94
1669646117, 0, 227, 1452, 1390, 708, 6.27%, 0, 0, 3, 1658.27
1669646122, 0, 227, 1454, 1392, 708, 6.27%, 0, 0, 3, 1763.04
1669646128, 0, 228, 1455, 1392, 718, 6.27%, 0, 0, 3, 1675.96
1669646168, 0, 229, 1455, 1391, 717, 6.27%, 0, 0, 3, 1828.51
1669646178, 0, 229, 1456, 1392, 717, 6.27%, 0, 0, 3, 1829.96
1669646203, 0, 234, 1458, 1393, 716, 6.27%, 0, 0, 3, 1696.19
1669646208, 0, 234, 1459, 1394, 716, 6.27%, 0, 0, 3, 1778.00
1669646244, 0, 237, 1467, 1401, 715, 6.27%, 0, 0, 3, 1754.41
1669646249, 0, 237, 1470, 1404, 715, 6.27%, 0, 0, 3, 1595.38
1669646254, 0, 237, 1473, 1407, 715, 6.27%, 0, 0, 3, 1600.00
1669646274, 0, 237, 1475, 1409, 715, 6.27%, 0, 0, 3, 1567.74
1669646279, 0, 237, 1476, 1410, 715, 6.27%, 0, 0, 3, 1648.78
1669646284, 0, 239, 1478, 1411, 714, 6.28%, 0, 0, 3, 1654.78
1669646320, 0, 243, 1478, 1410, 713, 6.28%, 0, 0, 3, 1795.58
1669646350, 0, 244, 1478, 1409, 712, 6.28%, 0, 0, 3, 1841.43
1669646381, 0, 245, 1478, 1408, 711, 6.28%, 0, 0, 3, 1646.88
1669646416, 0, 246, 1478, 1407, 710, 6.28%, 0, 0, 3, 1647.49
1669646457, 0, 254, 1478, 1406, 709, 6.28%, 0, 0, 3, 1671.83
1669646492, 0, 261, 1478, 1405, 708, 6.28%, 0, 0, 3, 1790.25
1669646497, 0, 261, 1480, 1407, 708, 6.30%, 0, 0, 3, 1620.22
1669646528, 0, 261, 1481, 1408, 708, 6.30%, 0, 0, 3, 1783.92
1669646533, 0, 262, 1484, 1410, 711, 6.33%, 0, 0, 3, 1719.31
1669646548, 0, 262, 1485, 1411, 711, 6.33%, 0, 0, 3, 1729.34
1669646573, 0, 273, 1485, 1410, 713, 6.33%, 0, 0, 3, 1890.17
1669646578, 0, 274, 1485, 1409, 712, 6.33%, 0, 0, 3, 1833.44
1669646584, 0, 275, 1485, 1408, 711, 6.33%, 0, 0, 3, 1852.74
1669646589, 0, 276, 1485, 1407, 710, 6.33%, 0, 0, 3, 1867.80
1669646599, 0, 280, 1485, 1406, 710, 6.33%, 0, 0, 3, 1894.58
1669646604, 0, 282, 1485, 1405, 709, 6.33%, 0, 0, 3, 1878.54
1669646609, 0, 283, 1485, 1404, 708, 6.33%, 0, 0, 3, 1928.76
1669646614, 0, 295, 1485, 1403, 707, 6.33%, 0, 0, 3, 1892.52
1669646619, 0, 296, 1485, 1402, 706, 6.33%, 0, 0, 3, 1895.76
1669646629, 0, 297, 1485, 1401, 705, 6.33%, 0, 0, 3, 1901.72
1669646634, 0, 304, 1485, 1400, 704, 6.33%, 0, 0, 3, 1944.22
1669646644, 0, 305, 1485, 1399, 703, 6.33%, 0, 0, 3, 1889.19
1669646649, 0, 308, 1485, 1398, 702, 6.33%, 0, 0, 3, 1847.73
1669646654, 0, 309, 1487, 1399, 702, 6.34%, 0, 0, 3, 1885.82
1669646659, 0, 317, 1487, 1397, 700, 6.34%, 0, 0, 3, 1939.57
1669646669, 0, 318, 1489, 1398, 699, 6.35%, 0, 0, 3, 1905.15
1669646674, 0, 323, 1489, 1397, 700, 6.35%, 0, 0, 3, 1919.93
1669646680, 0, 329, 1489, 1396, 699, 6.35%, 0, 0, 3, 1734.98
1669646690, 0, 331, 1489, 1395, 698, 6.35%, 0, 0, 3, 1743.29
1669646700, 0, 337, 1490, 1395, 697, 6.36%, 0, 0, 3, 1865.20
1669646705, 0, 339, 1490, 1394, 696, 6.36%, 0, 0, 3, 1929.41
1669646715, 0, 340, 1490, 1393, 695, 6.36%, 0, 0, 3, 1777.98
1669646720, 0, 345, 1492, 1394, 694, 6.37%, 0, 0, 3, 1823.48
1669646725, 0, 348, 1492, 1393, 695, 6.37%, 0, 0, 3, 1916.67
1669646730, 0, 354, 1493, 1393, 694, 6.37%, 0, 0, 3, 1639.74
1669646735, 0, 355, 1493, 1392, 694, 6.37%, 0, 0, 3, 1753.43
1669646746, 0, 356, 1493, 1391, 693, 6.37%, 0, 0, 3, 1573.98
1669646751, 0, 356, 1495, 1393, 693, 6.37%, 0, 0, 3, 1489.10
1669646791, 0, 358, 1498, 1395, 692, 6.38%, 0, 0, 3, 1741.77
1669646796, 0, 361, 1504, 1400, 693, 6.38%, 0, 0, 3, 1747.17
1669646801, 0, 364, 1505, 1400, 693, 6.38%, 0, 0, 3, 1695.73
1669646806, 0, 364, 1506, 1401, 693, 6.39%, 0, 0, 3, 1621.61
1669646811, 0, 364, 1508, 1403, 693, 6.39%, 0, 0, 3, 1593.32
1669646832, 0, 364, 1509, 1404, 693, 6.39%, 0, 0, 3, 1546.48
1669646837, 0, 368, 1510, 1404, 694, 6.39%, 0, 0, 3, 1831.88
1669646842, 0, 368, 1511, 1405, 694, 6.39%, 0, 0, 3, 1820.19
1669646847, 0, 369, 1511, 1404, 693, 6.39%, 0, 0, 3, 1807.99
1669646852, 0, 369, 1512, 1405, 693, 6.39%, 0, 0, 3, 1660.15
1669646857, 0, 369, 1513, 1406, 693, 6.39%, 0, 0, 3, 1680.59
1669646868, 0, 370, 1513, 1405, 693, 6.39%, 0, 0, 3, 1882.43
1669646873, 0, 378, 1513, 1404, 692, 6.39%, 0, 0, 3, 1942.35
1669646878, 0, 379, 1513, 1403, 691, 6.39%, 0, 0, 3, 1927.97
1669646883, 0, 382, 1513, 1402, 690, 6.39%, 0, 0, 3, 1946.37
1669646893, 0, 383, 1513, 1401, 689, 6.39%, 0, 0, 3, 1862.97
1669646898, 0, 384, 1514, 1401, 688, 6.39%, 0, 0, 3, 1819.84
1669646903, 0, 384, 1521, 1408, 688, 6.42%, 0, 0, 3, 1927.84
1669646908, 0, 385, 1521, 1407, 695, 6.42%, 0, 0, 3, 1848.05
1669646913, 0, 389, 1521, 1405, 693, 6.42%, 0, 0, 3, 1922.96
1669646923, 0, 391, 1522, 1405, 692, 6.42%, 0, 0, 3, 1830.16
1669646928, 0, 393, 1522, 1404, 691, 6.42%, 0, 0, 3, 1849.00
1669646933, 0, 395, 1522, 1403, 690, 6.42%, 0, 0, 3, 1759.50
1669646938, 0, 397, 1522, 1402, 689, 6.42%, 0, 0, 3, 1871.82
1669646943, 0, 397, 1523, 1403, 689, 6.43%, 0, 0, 3, 1828.81
1669646948, 0, 401, 1523, 1402, 689, 6.43%, 0, 0, 3, 1788.73
1669646953, 0, 405, 1525, 1403, 689, 6.43%, 0, 0, 3, 1917.84
1669646958, 0, 405, 1526, 1404, 689, 6.44%, 0, 0, 3, 1823.72
1669646969, 0, 406, 1526, 1403, 690, 6.44%, 0, 0, 3, 1707.80
1669646974, 0, 406, 1527, 1404, 690, 6.44%, 0, 0, 3, 1702.68
1669646979, 0, 407, 1529, 1405, 690, 6.45%, 0, 0, 3, 1826.76
1669646984, 0, 409, 1529, 1404, 690, 6.45%, 0, 0, 3, 1872.19
1669646994, 0, 410, 1530, 1404, 689, 6.45%, 0, 0, 3, 1774.63
1669646999, 0, 411, 1530, 1403, 689, 6.45%, 0, 0, 3, 1890.75
1669647009, 0, 416, 1530, 1402, 688, 6.45%, 0, 0, 3, 1798.00
1669647014, 0, 420, 1531, 1402, 687, 6.45%, 0, 0, 3, 1774.30
1669647050, 0, 420, 1534, 1405, 687, 6.46%, 0, 0, 3, 1566.04
1669647055, 0, 420, 1535, 1406, 687, 6.46%, 0, 0, 3, 1707.37
1669647060, 0, 420, 1538, 1409, 687, 6.46%, 0, 0, 3, 1759.14
1669647065, 0, 421, 1543, 1413, 687, 6.47%, 0, 0, 3, 1751.58
1669647070, 0, 421, 1545, 1415, 687, 6.47%, 0, 0, 3, 1715.54
1669647085, 0, 421, 1548, 1418, 687, 6.48%, 0, 0, 3, 1519.25
1669647090, 0, 426, 1550, 1419, 688, 6.48%, 0, 0, 3, 1578.50
1669647116, 0, 429, 1550, 1418, 688, 6.48%, 0, 0, 3, 1855.03
1669647131, 0, 437, 1550, 1417, 687, 6.48%, 0, 0, 3, 1933.92
1669647136, 0, 438, 1551, 1417, 686, 6.48%, 0, 0, 3, 1960.99
1669647146, 0, 439, 1553, 1418, 686, 6.48%, 0, 0, 3, 1815.17
1669647177, 0, 440, 1553, 1417, 685, 6.48%, 0, 0, 3, 1819.98
1669647182, 0, 442, 1553, 1416, 684, 6.48%, 0, 0, 3, 1954.00
1669647187, 0, 444, 1553, 1415, 683, 6.48%, 0, 0, 3, 1895.92
1669647192, 0, 447, 1553, 1414, 682, 6.48%, 0, 0, 3, 1960.05
1669647197, 0, 448, 1554, 1414, 682, 6.49%, 0, 0, 3, 1976.84
1669647202, 0, 448, 1555, 1415, 682, 6.49%, 0, 0, 3, 1884.63
1669647207, 0, 449, 1556, 1415, 682, 6.49%, 0, 0, 3, 1871.48
1669647212, 0, 450, 1556, 1414, 682, 6.49%, 0, 0, 3, 1796.66
1669647227, 0, 451, 1558, 1415, 681, 6.50%, 0, 0, 3, 1965.33
1669647232, 0, 452, 1561, 1417, 682, 6.51%, 0, 0, 3, 1943.95
1669647238, 0, 458, 1562, 1417, 684, 6.51%, 0, 0, 3, 1987.80
1669647243, 0, 459, 1562, 1416, 683, 6.51%, 0, 0, 3, 2004.89
1669647248, 0, 461, 1562, 1415, 682, 6.51%, 0, 0, 3, 1902.47
1669647258, 0, 462, 1562, 1414, 681, 6.51%, 0, 0, 3, 1748.97
1669647263, 0, 464, 1570, 1421, 680, 6.53%, 0, 0, 3, 1878.97
1669647268, 0, 466, 1570, 1420, 687, 6.53%, 0, 0, 3, 1969.38
1669647273, 0, 467, 1573, 1422, 686, 6.53%, 0, 0, 3, 1840.60
1669647284, 0, 467, 1574, 1423, 686, 6.53%, 0, 0, 3, 1694.92
1669647294, 0, 468, 1574, 1422, 684, 6.53%, 0, 0, 3, 1848.99
1669647299, 0, 469, 1574, 1421, 683, 6.53%, 0, 0, 3, 1962.28
1669647309, 0, 472, 1584, 1430, 682, 6.54%, 0, 0, 3, 1833.16
1669647314, 0, 475, 1585, 1430, 685, 6.54%, 0, 0, 3, 1819.68
1669647319, 0, 475, 1587, 1432, 685, 6.55%, 0, 0, 3, 1567.66
1669647329, 0, 475, 1588, 1433, 685, 6.55%, 0, 0, 3, 1634.31
1669647359, 0, 476, 1588, 1432, 686, 6.55%, 0, 0, 3, 1687.95
1669647364, 0, 477, 1588, 1431, 685, 6.55%, 0, 0, 3, 1846.11
