# unix_time, cycles_done, cur_path, paths_total, pending_total, pending_favs, map_size, unique_crashes, unique_hangs, max_depth, execs_per_sec
1669696858, 0, 0, 1, 1, 1, 0.13%, 0, 0, 1, 2000.00
1669696863, 0, 0, 21, 21, 1, 0.15%, 0, 0, 2, 2890.91
1669696868, 0, 0, 22, 22, 1, 0.15%, 0, 0, 2, 2891.81
1669696878, 0, 0, 23, 23, 1, 0.15%, 0, 0, 2, 2880.18
1669696883, 0, 0, 88, 88, 1, 0.15%, 0, 0, 2, 2798.90
1669696888, 0, 0, 89, 89, 1, 0.15%, 0, 0, 2, 2777.53
1669696893, 0, 15, 89, 88, 10, 0.15%, 0, 0, 2, 3063.89
1669696914, 0, 21, 89, 87, 9, 0.15%, 0, 0, 2, 3152.21
1669696934, 0, 30, 89, 86, 8, 0.15%, 0, 0, 2, 3031.84
1669696944, 0, 30, 90, 87, 8, 0.21%, 0, 0, 3, 3138.32
1669696949, 0, 53, 90, 85, 6, 0.21%, 0, 0, 3, 2852.86
1669696959, 0, 54, 90, 84, 5, 0.21%, 0, 0, 3, 2932.19
1669696964, 0, 72, 90, 82, 3, 0.21%, 0, 0, 3, 3071.96
1669696969, 0, 89, 113, 102, 1, 0.49%, 0, 0, 4, 3046.89
1669696974, 0, 89, 114, 103, 1, 0.49%, 0, 0, 4, 3059.81
1669696980, 0, 89, 127, 116, 1, 0.50%, 0, 0, 4, 3046.98
1669696985, 0, 89, 143, 132, 1, 0.57%, 0, 0, 4, 3089.75
1669696990, 0, 93, 149, 137, 25, 0.60%, 0, 0, 5, 3146.97
1669697000, 0, 93, 154, 142, 25, 0.60%, 0, 0, 5, 3091.25
1669697005, 0, 93, 165, 153, 25, 0.62%, 0, 0, 5, 3141.05
1669697010, 0, 94, 177, 164, 29, 0.73%, 0, 0, 5, 3185.69
1669697020, 0, 94, 191, 178, 29, 0.74%, 0, 0, 5, 3025.49
1669697026, 0, 94, 200, 187, 29, 0.75%, 0, 0, 5, 3045.13
1669697031, 0, 96, 203, 189, 42, 0.75%, 0, 0, 5, 3020.08
1669697036, 0, 96, 204, 190, 42, 0.76%, 0, 0, 5, 3056.66
1669697046, 0, 96, 214, 200, 42, 0.79%, 0, 0, 5, 3026.59
1669697051, 0, 96, 220, 206, 42, 0.80%, 0, 0, 5, 3058.85
1669697056, 0, 105, 235, 220, 46, 0.89%, 0, 0, 5, 3059.09
1669697066, 0, 105, 246, 231, 46, 0.90%, 0, 0, 5, 3016.58
1669697071, 0, 105, 264, 249, 46, 0.91%, 0, 0, 5, 3015.14
1669697076, 0, 110, 274, 258, 60, 0.95%, 0, 0, 5, 3057.75
1669697081, 0, 110, 275, 259, 60, 0.96%, 0, 0, 5, 3074.83
1669697091, 0, 110, 279, 263, 60, 1.16%, 0, 0, 5, 3191.53
1669697096, 0, 110, 282, 266, 60, 1.16%, 0, 0, 5, 3094.74
1669697101, 0, 124, 284, 267, 62, 1.17%, 0, 0, 5, 3066.78
1669697111, 0, 124, 291, 274, 62, 1.18%, 0, 0, 5, 3281.29
1669697117, 0, 124, 296, 279, 62, 1.19%, 0, 0, 5, 3191.32
1669697122, 0, 131, 297, 279, 71, 1.19%, 0, 0, 5, 3213.04
1669697132, 0, 131, 299, 281, 71, 1.20%, 0, 0, 5, 2972.26
1669697137, 0, 132, 301, 282, 70, 1.21%, 0, 0, 5, 2691.20
1669697147, 0, 132, 307, 288, 70, 1.21%, 0, 0, 5, 3031.16
1669697152, 0, 132, 318, 299, 70, 1.21%, 0, 0, 5, 2984.84
1669697157, 0, 133, 336, 316, 73, 1.28%, 0, 0, 5, 3045.20
1669697162, 0, 133, 343, 323, 73, 1.30%, 0, 0, 5, 2854.56
1669697167, 0, 133, 360, 340, 73, 1.36%, 0, 0, 5, 2853.68
1669697172, 0, 133, 366, 346, 73, 1.38%, 0, 0, 5, 2685.85
1669697177, 0, 140, 374, 353, 92, 1.43%, 0, 0, 5, 2913.57
1669697182, 0, 140, 390, 369, 92, 1.44%, 0, 0, 5, 3138.17
1669697187, 0, 140, 398, 377, 92, 1.44%, 0, 0, 5, 3070.85
1669697193, 0, 150, 405, 383, 99, 1.45%, 0, 0, 6, 3150.66
1669697198, 0, 150, 407, 385, 99, 1.45%, 0, 0, 6, 3074.94
1669697203, 0, 150, 410, 388, 99, 1.45%, 0, 0, 6, 3093.98
1669697208, 0, 161, 414, 391, 101, 1.50%, 0, 0, 6, 3010.36
1669697218, 0, 161, 417, 394, 101, 1.50%, 0, 0, 6, 2988.54
1669697223, 0, 161, 418, 395, 101, 1.50%, 0, 0, 6, 2952.47
1669697228, 0, 165, 423, 399, 101, 1.53%, 0, 0, 6, 2856.36
1669697233, 0, 165, 435, 411, 101, 1.57%, 0, 0, 6, 2883.36
1669697238, 0, 169, 448, 423, 110, 1.62%, 0, 0, 6, 2965.78
1669697253, 0, 169, 450, 425, 110, 1.62%, 0, 0, 6, 2917.66
1669697258, 0, 171, 451, 425, 111, 1.62%, 0, 0, 6, 3021.40
1669697269, 0, 171, 458, 432, 111, 1.63%, 0, 0, 6, 3157.41
1669697279, 0, 173, 459, 432, 114, 1.63%, 0, 0, 6, 3170.96
1669697289, 0, 173, 461, 434, 114, 1.63%, 0, 0, 6, 3424.22
1669697294, 0, 174, 461, 433, 114, 1.63%, 0, 0, 6, 3278.23
1669697304, 0, 174, 466, 438, 114, 1.64%, 0, 0, 6, 3128.47
1669697309, 0, 174, 470, 442, 114, 1.65%, 0, 0, 6, 3093.71
1669697314, 0, 175, 472, 443, 117, 1.65%, 0, 0, 6, 2929.73
1669697329, 0, 175, 476, 447, 117, 1.65%, 0, 0, 6, 3195.95
1669697334, 0, 175, 477, 448, 117, 1.70%, 0, 0, 6, 3081.59
1669697339, 0, 176, 478, 448, 118, 1.70%, 0, 0, 6, 3181.15
1669697350, 0, 177, 479, 448, 118, 1.70%, 0, 0, 6, 3107.46
1669697360, 0, 183, 479, 447, 117, 1.70%, 0, 0, 6, 3074.86
1669697370, 0, 183, 482, 450, 117, 1.70%, 0, 0, 6, 3008.39
1669697375, 0, 184, 482, 449, 117, 1.70%, 0, 0, 6, 3103.30
1669697385, 0, 184, 483, 450, 117, 1.70%, 0, 0, 6, 3085.56
1669697390, 0, 189, 483, 449, 116, 1.70%, 0, 0, 6, 3119.51
1669697401, 0, 192, 485, 450, 116, 1.71%, 0, 0, 6, 3171.62
1669697411, 0, 192, 487, 452, 116, 1.71%, 0, 0, 6, 3144.65
1669697416, 0, 197, 489, 453, 116, 1.72%, 0, 0, 6, 3130.92
1669697426, 0, 197, 496, 460, 116, 1.76%, 0, 0, 6, 3036.00
1669697431, 0, 197, 497, 461, 116, 1.76%, 0, 0, 6, 3210.20
1669697436, 0, 209, 503, 466, 119, 1.86%, 0, 0, 6, 3200.24
1669697441, 0, 209, 507, 470, 119, 1.86%, 0, 0, 6, 3277.89
1669697446, 0, 209, 517, 480, 119, 1.87%, 0, 0, 6, 3195.86
1669697451, 0, 214, 522, 484, 128, 1.88%, 0, 0, 6, 3193.46
1669697456, 0, 214, 523, 485, 128, 1.89%, 0, 0, 6, 3180.52
1669697461, 0, 215, 525, 486, 128, 1.89%, 0, 0, 6, 3144.96
1669697466, 0, 215, 527, 488, 128, 1.89%, 0, 0, 6, 3196.85
1669697476, 0, 215, 532, 493, 128, 1.89%, 0, 0, 6, 3203.26
1669697482, 0, 215, 538, 499, 128, 1.92%, 0, 0, 6, 3225.33
1669697487, 0, 221, 543, 503, 131, 1.92%, 0, 0, 6, 3177.38
1669697492, 0, 221, 545, 505, 131, 1.93%, 0, 0, 6, 3014.82
1669697502, 0, 221, 552, 512, 131, 1.93%, 0, 0, 6, 3008.82
1669697507, 0, 221, 555, 515, 131, 1.93%, 0, 0, 6, 3131.96
1669697512, 0, 222, 556, 515, 132, 1.93%, 0, 0, 6, 3163.06
1669697522, 0, 222, 562, 521, 132, 1.93%, 0, 0, 6, 3049.60
1669697532, 0, 224, 565, 523, 132, 1.93%, 0, 0, 6, 3005.44
1669697547, 0, 224, 568, 526, 132, 1.93%, 0, 0, 6, 3193.37
1669697552, 0, 227, 568, 525, 131, 1.93%, 0, 0, 6, 3260.30
1669697562, 0, 227, 572, 529, 131, 1.93%, 0, 0, 6, 3117.02
1669697567, 0, 227, 573, 530, 131, 1.93%, 0, 0, 6, 3127.43
1669697573, 0, 228, 575, 531, 131, 1.93%, 0, 0, 6, 3108.33
1669697583, 0, 228, 576, 532, 131, 1.93%, 0, 0, 6, 3069.26
1669697588, 0, 228, 579, 535, 131, 1.93%, 0, 0, 6, 2892.12
1669697593, 0, 228, 584, 540, 131, 1.96%, 0, 0, 6, 3009.52
1669697598, 0, 230, 584, 539, 131, 1.96%, 0, 0, 6, 2993.07
1669697608, 0, 233, 585, 539, 130, 1.96%, 0, 0, 6, 2884.50
1669697623, 0, 233, 590, 544, 130, 1.96%, 0, 0, 6, 2973.89
1669697628, 0, 233, 592, 546, 130, 1.96%, 0, 0, 6, 2864.34
1669697633, 0, 234, 593, 546, 129, 1.97%, 0, 0, 6, 2993.00
1669697649, 0, 238, 595, 547, 130, 1.97%, 0, 0, 6, 3392.81
1669697659, 0, 240, 595, 546, 130, 1.97%, 0, 0, 6, 3369.56
1669697664, 0, 244, 595, 545, 129, 1.97%, 0, 0, 6, 3334.37
1669697669, 0, 244, 597, 547, 129, 1.98%, 0, 0, 6, 3329.93
1669697679, 0, 244, 609, 559, 129, 1.99%, 0, 0, 6, 3341.64
1669697684, 0, 244, 616, 566, 129, 2.00%, 0, 0, 6, 3135.34
1669697689, 0, 252, 616, 565, 131, 2.00%, 0, 0, 6, 3206.70
1669697694, 0, 262, 616, 564, 131, 2.00%, 0, 0, 6, 3310.41
1669697699, 0, 262, 622, 570, 131, 2.00%, 0, 0, 6, 3155.20
1669697704, 0, 262, 624, 572, 131, 2.00%, 0, 0, 6, 3078.49
1669697709, 0, 265, 629, 576, 131, 2.02%, 0, 0, 6, 3330.75
1669697714, 0, 265, 632, 579, 131, 2.02%, 0, 0, 6, 3407.07
1669697719, 0, 265, 635, 582, 131, 2.02%, 0, 0, 6, 3388.04
1669697724, 0, 265, 640, 587, 131, 2.02%, 0, 0, 6, 3192.55
1669697729, 0, 266, 640, 586, 133, 2.02%, 0, 0, 6, 3218.95
1669697734, 0, 266, 644, 590, 133, 2.04%, 0, 0, 6, 3311.32
1669697740, 0, 270, 646, 591, 136, 2.04%, 0, 0, 6, 3461.60
1669697745, 0, 270, 649, 594, 136, 2.04%, 0, 0, 6, 3557.12
1669697755, 0, 272, 652, 596, 136, 2.06%, 0, 0, 6, 3577.69
1669697765, 0, 273, 654, 597, 138, 2.06%, 0, 0, 6, 3560.64
1669697775, 0, 274, 655, 597, 137, 2.07%, 0, 0, 6, 3593.29
1669697785, 0, 277, 658, 599, 138, 2.07%, 0, 0, 6, 3501.45
1669697790, 0, 277, 661, 602, 138, 2.07%, 0, 0, 6, 3450.94
1669697796, 0, 277, 676, 617, 138, 2.13%, 0, 0, 6, 3277.71
1669697801, 0, 277, 687, 628, 138, 2.17%, 0, 0, 6, 2910.43
1669697806, 0, 278, 701, 641, 147, 2.30%, 0, 0, 6, 3061.19
1669697811, 0, 278, 714, 654, 147, 2.35%, 0, 0, 6, 2969.80
1669697816, 0, 278, 715, 655, 147, 2.35%, 0, 0, 6, 3033.88
1669697821, 0, 278, 723, 663, 147, 2.36%, 0, 0, 6, 3104.34
1669697826, 0, 278, 734, 674, 147, 2.37%, 0, 0, 6, 3004.00
1669697831, 0, 280, 745, 684, 168, 2.39%, 0, 0, 6, 3022.35
1669697836, 0, 280, 746, 685, 168, 2.39%, 0, 0, 6, 3151.74
1669697841, 0, 281, 748, 686, 169, 2.39%, 0, 0, 6, 3130.33
1669697857, 0, 284, 748, 685, 169, 2.39%, 0, 0, 6, 2852.61
1669697867, 0, 284, 752, 689, 169, 2.40%, 0, 0, 6, 2922.64
1669697872, 0, 284, 754, 691, 169, 2.40%, 0, 0, 6, 3206.30
1669697877, 0, 290, 757, 693, 169, 2.40%, 0, 0, 6, 3046.12
1669697887, 0, 293, 757, 692, 170, 2.40%, 0, 0, 6, 3069.29
1669697892, 0, 293, 760, 695, 170, 2.40%, 0, 0, 6, 3353.56
1669697897, 0, 296, 761, 695, 168, 2.40%, 0, 0, 6, 3183.40
1669697902, 0, 296, 766, 700, 168, 2.41%, 0, 0, 6, 3221.58
1669697907, 0, 296, 769, 703, 168, 2.41%, 0, 0, 6, 3225.38
1669697912, 0, 298, 769, 702, 171, 2.41%, 0, 0, 6, 3077.20
1669697917, 0, 298, 771, 704, 171, 2.41%, 0, 0, 6, 2935.46
1669697922, 0, 298, 780, 713, 171, 2.43%, 0, 0, 6, 3029.88
1669697927, 0, 299, 782, 714, 172, 2.43%, 0, 0, 6, 2866.38
1669697937, 0, 299, 786, 718, 172, 2.43%, 0, 0, 6, 3181.27
1669697942, 0, 299, 787, 719, 172, 2.43%, 0, 0, 6, 3232.93
1669697948, 0, 303, 787, 718, 172, 2.43%, 0, 0, 6, 3242.30
1669697953, 0, 322, 787, 717, 171, 2.43%, 0, 0, 6, 3338.89
1669697963, 0, 322, 796, 726, 171, 2.46%, 0, 0, 6, 3318.04
1669697968, 0, 322, 800, 730, 171, 2.46%, 0, 0, 6, 3482.36
1669697973, 0, 323, 800, 729, 171, 2.46%, 0, 0, 6, 3422.23
1669697978, 0, 326, 802, 730, 170, 2.46%, 0, 0, 6, 3450.10
1669697983, 0, 326, 803, 731, 170, 2.48%, 0, 0, 6, 3537.31
1669697988, 0, 331, 803, 730, 170, 2.48%, 0, 0, 6, 3412.19
1669697993, 0, 331, 807, 734, 170, 2.49%, 0, 0, 6, 3297.37
1669697998, 0, 332, 808, 734, 170, 2.50%, 0, 0, 6, 3398.01
1669698004, 0, 332, 809, 735, 170, 2.50%, 0, 0, 6, 3327.89
1669698009, 0, 335, 811, 736, 171, 2.51%, 0, 0, 6, 3180.08
1669698014, 0, 335, 816, 741, 171, 2.52%, 0, 0, 6, 3021.74
1669698019, 0, 335, 818, 743, 171, 2.55%, 0, 0, 6, 2985.10
1669698024, 0, 340, 821, 745, 175, 2.56%, 0, 0, 6, 2897.77
1669698029, 0, 340, 822, 746, 175, 2.56%, 0, 0, 6, 2887.70
1669698034, 0, 346, 822, 745, 175, 2.56%, 0, 0, 6, 2913.82
1669698039, 0, 346, 826, 749, 175, 2.56%, 0, 0, 6, 2999.90
1669698044, 0, 346, 828, 751, 175, 2.56%, 0, 0, 6, 3029.98
1669698049, 0, 355, 828, 750, 176, 2.56%, 0, 0, 6, 3155.37
1669698054, 0, 355, 831, 753, 176, 2.56%, 0, 0, 6, 3106.85
1669698059, 0, 358, 833, 754, 176, 2.57%, 0, 0, 6, 3137.27
1669698064, 0, 358, 835, 756, 176, 2.57%, 0, 0, 6, 3214.12
1669698069, 0, 361, 837, 757, 177, 2.58%, 0, 0, 6, 3139.01
1669698074, 0, 361, 841, 761, 177, 2.59%, 0, 0, 6, 3144.23
1669698080, 0, 362, 843, 762, 177, 2.59%, 0, 0, 6, 3395.11
1669698085, 0, 362, 847, 766, 177, 2.62%, 0, 0, 6, 3141.08
1669698090, 0, 362, 854, 773, 177, 2.62%, 0, 0, 6, 3203.90
1669698095, 0, 362, 857, 776, 177, 2.62%, 0, 0, 6, 3022.36
1669698100, 0, 366, 859, 777, 182, 2.63%, 0, 0, 6, 3085.15
1669698105, 0, 366, 861, 779, 182, 2.63%, 0, 0, 6, 3200.08
1669698110, 0, 370, 862, 779, 183, 2.63%, 0, 0, 6, 3308.97
1669698120, 0, 370, 866, 783, 183, 2.63%, 0, 0, 6, 3154.48
1669698125, 0, 371, 867, 783, 183, 2.64%, 0, 0, 6, 3101.75
1669698135, 0, 372, 867, 782, 182, 2.64%, 0, 0, 6, 3327.75
1669698141, 0, 372, 871, 786, 182, 2.64%, 0, 0, 6, 3304.81
1669698146, 0, 372, 874, 789, 182, 2.64%, 0, 0, 6, 3232.70
1669698151, 0, 373, 874, 788, 182, 2.64%, 0, 0, 6, 3450.82
1669698156, 0, 376, 876, 789, 181, 2.67%, 0, 0, 6, 3361.55
1669698161, 0, 376, 883, 796, 181, 2.70%, 0, 0, 6, 3328.10
1669698166, 0, 376, 891, 804, 181, 2.71%, 0, 0, 6, 3332.29
1669698171, 0, 380, 894, 806, 184, 2.71%, 0, 0, 6, 3449.45
1669698176, 0, 380, 900, 812, 184, 2.71%, 0, 0, 6, 3372.03
1669698181, 0, 386, 900, 811, 185, 2.71%, 0, 0, 6, 3581.91
1669698186, 0, 401, 904, 814, 184, 2.76%, 0, 0, 6, 3479.76
1669698191, 0, 404, 906, 815, 187, 2.76%, 0, 0, 7, 3389.66
1669698196, 0, 404, 907, 816, 187, 2.76%, 0, 0, 7, 3313.02
1669698201, 0, 407, 909, 817, 188, 2.76%, 0, 0, 7, 3376.83
1669698212, 0, 409, 910, 817, 188, 2.76%, 0, 0, 7, 2992.58
1669698217, 0, 409, 917, 824, 188, 2.79%, 0, 0, 7, 2952.05
1669698222, 0, 409, 922, 829, 188, 2.79%, 0, 0, 7, 3199.35
1669698227, 0, 410, 923, 829, 192, 2.79%, 0, 0, 7, 3391.95
1669698232, 0, 413, 925, 830, 192, 2.79%, 0, 0, 7, 3429.01
1669698237, 0, 419, 925, 829, 191, 2.79%, 0, 0, 7, 3406.30
1669698242, 0, 420, 925, 828, 190, 2.79%, 0, 0, 7, 3406.24
1669698247, 0, 421, 927, 829, 190, 2.79%, 0, 0, 7, 3412.13
1669698252, 0, 427, 929, 830, 190, 2.79%, 0, 0, 7, 3444.27
1669698257, 0, 427, 935, 836, 190, 2.80%, 0, 0, 7, 3444.43
1669698262, 0, 427, 938, 839, 190, 2.81%, 0, 0, 7, 3488.26
1669698267, 0, 432, 942, 842, 193, 2.81%, 0, 0, 7, 3455.35
1669698272, 0, 432, 948, 848, 193, 2.81%, 0, 0, 7, 3440.52
1669698277, 0, 432, 949, 849, 193, 2.81%, 0, 0, 7, 3434.54
1669698282, 0, 435, 951, 850, 193, 2.81%, 0, 0, 7, 3519.79
1669698287, 0, 435, 960, 859, 193, 2.82%, 0, 0, 7, 3503.87
1669698292, 0, 440, 962, 860, 195, 2.82%, 0, 0, 7, 3519.45
1669698297, 0, 442, 968, 865, 194, 2.83%, 0, 0, 7, 3585.07
1669698303, 0, 442, 971, 868, 194, 2.83%, 0, 0, 7, 3524.56
1669698308, 0, 448, 975, 871, 195, 2.83%, 0, 0, 7, 3500.22
1669698318, 0, 450, 976, 871, 194, 2.83%, 0, 0, 7, 3424.46
1669698328, 0, 450, 980, 875, 194, 2.84%, 0, 0, 7, 3508.41
1669698333, 0, 450, 982, 877, 194, 2.84%, 0, 0, 7, 3500.48
1669698338, 0, 454, 982, 876, 196, 2.84%, 0, 0, 7, 3430.62
1669698348, 0, 456, 984, 877, 195, 2.84%, 0, 0, 7, 3489.04
1669698358, 0, 456, 988, 881, 195, 2.86%, 0, 0, 7, 3393.97
1669698363, 0, 456, 990, 883, 195, 2.86%, 0, 0, 7, 3387.61
1669698368, 0, 458, 990, 882, 196, 2.86%, 0, 0, 7, 3384.62
1669698378, 0, 458, 993, 885, 196, 2.86%, 0, 0, 7, 3452.50
1669698383, 0, 464, 993, 884, 196, 2.86%, 0, 0, 7, 3470.78
1669698388, 0, 464, 997, 888, 196, 2.86%, 0, 0, 7, 3483.72
1669698393, 0, 464, 1000, 891, 196, 2.86%, 0, 0, 7, 3526.56
1669698398, 0, 465, 1001, 891, 196, 2.87%, 0, 0, 7, 3523.27
1669698409, 0, 467, 1002, 891, 196, 2.87%, 0, 0, 7, 3539.78
1669698414, 0, 468, 1006, 894, 197, 2.91%, 0, 0, 7, 3503.19
1669698419, 0, 468, 1007, 895, 197, 2.91%, 0, 0, 7, 3475.91
1669698424, 0, 469, 1007, 894, 199, 2.91%, 0, 0, 7, 3428.17
1669698429, 0, 470, 1009, 895, 199, 2.91%, 0, 0, 7, 3440.62
1669698434, 0, 470, 1012, 898, 199, 2.91%, 0, 0, 7, 3420.17
1669698439, 0, 470, 1015, 901, 199, 2.91%, 0, 0, 7, 3411.63
1669698444, 0, 470, 1019, 905, 199, 2.91%, 0, 0, 7, 3400.00
1669698449, 0, 473, 1021, 906, 201, 2.91%, 0, 0, 7, 3408.91
1669698459, 0, 478, 1021, 905, 200, 2.91%, 0, 0, 7, 3437.17
1669698469, 0, 478, 1022, 906, 200, 2.91%, 0, 0, 7, 3472.75
1669698474, 0, 481, 1024, 907, 199, 2.93%, 0, 0, 7, 3492.99
1669698479, 0, 481, 1032, 915, 199, 2.93%, 0, 0, 7, 3482.71
1669698484, 0, 481, 1033, 916, 199, 2.93%, 0, 0, 7, 3447.89
1669698490, 0, 483, 1035, 917, 202, 2.93%, 0, 0, 7, 3416.39
1669698495, 0, 483, 1039, 921, 202, 2.94%, 0, 0, 7, 3449.95
1669698500, 0, 483, 1043, 925, 202, 2.94%, 0, 0, 7, 3393.25
1669698505, 0, 484, 1046, 927, 205, 2.94%, 0, 0, 7, 3359.73
1669698515, 0, 484, 1049, 930, 205, 2.94%, 0, 0, 7, 3449.15
1669698520, 0, 485, 1049, 929, 206, 2.94%, 0, 0, 7, 3513.05
1669698525, 0, 488, 1049, 928, 205, 2.94%, 0, 0, 7, 3311.89
1669698535, 0, 488, 1052, 931, 205, 2.94%, 0, 0, 7, 3460.94
1669698540, 0, 495, 1056, 934, 205, 2.95%, 0, 0, 7, 3435.68
1669698545, 0, 496, 1057, 934, 207, 2.95%, 0, 0, 7, 3445.42
1669698555, 0, 499, 1059, 935, 207, 2.95%, 0, 0, 7, 3502.40
1669698565, 0, 501, 1078, 953, 207, 3.09%, 0, 0, 7, 3535.25
1669698570, 0, 501, 1084, 959, 207, 3.10%, 0, 0, 7, 3520.92
1669698575, 0, 501, 1094, 969, 207, 3.10%, 0, 0, 7, 3531.13
1669698581, 0, 502, 1103, 977, 228, 3.12%, 0, 0, 7, 3462.29
1669698591, 0, 502, 1109, 983, 228, 3.12%, 0, 0, 7, 3444.68
1669698596, 0, 502, 1110, 984, 228, 3.12%, 0, 0, 7, 3486.52
1669698601, 0, 507, 1111, 984, 229, 3.13%, 0, 0, 7, 3470.92
1669698606, 0, 507, 1116, 989, 229, 3.13%, 0, 0, 7, 3463.46
1669698611, 0, 507, 1119, 992, 229, 3.13%, 0, 0, 7, 3474.41
1669698616, 0, 518, 1120, 992, 229, 3.13%, 0, 0, 7, 3517.23
1669698621, 0, 519, 1122, 993, 228, 3.13%, 0, 0, 7, 3502.39
1669698626, 0, 519, 1124, 995, 228, 3.13%, 0, 0, 7, 3529.29
1669698632, 0, 519, 1129, 1000, 228, 3.13%, 0, 0, 7, 3508.63
1669698637, 0, 521, 1130, 1000, 228, 3.13%, 0, 0, 7, 3477.40
1669698642, 0, 521, 1132, 1002, 228, 3.14%, 0, 0, 7, 3515.14
1669698647, 0, 521, 1141, 1011, 228, 3.14%, 0, 0, 7, 3504.51
1669698652, 0, 522, 1144, 1013, 229, 3.14%, 0, 0, 7, 3526.93
1669698662, 0, 535, 1150, 1018, 228, 3.16%, 0, 0, 7, 3724.01
1669698672, 0, 535, 1161, 1029, 228, 3.16%, 0, 0, 7, 3668.36
1669698677, 0, 535, 1172, 1040, 228, 3.16%, 0, 0, 7, 3630.95
1669698682, 0, 537, 1174, 1041, 234, 3.16%, 0, 0, 7, 3752.34
1669698687, 0, 537, 1177, 1044, 234, 3.16%, 0, 0, 7, 3732.01
1669698692, 0, 537, 1182, 1049, 234, 3.17%, 0, 0, 7, 3745.14
1669698697, 0, 559, 1184, 1050, 234, 3.17%, 0, 0, 7, 3706.95
1669698708, 0, 568, 1185, 1050, 233, 3.17%, 0, 0, 7, 3707.58
1669698713, 0, 578, 1185, 1049, 232, 3.17%, 0, 0, 7, 3659.25
1669698723, 0, 583, 1187, 1050, 232, 3.17%, 0, 0, 7, 3514.12
1669698733, 0, 583, 1191, 1054, 232, 3.17%, 0, 0, 7, 3301.63
1669698738, 0, 583, 1193, 1056, 232, 3.17%, 0, 0, 7, 3426.79
1669698743, 0, 597, 1194, 1056, 233, 3.17%, 0, 0, 7, 3614.27
1669698753, 0, 604, 1196, 1057, 232, 3.17%, 0, 0, 7, 3712.05
1669698763, 0, 605, 1203, 1063, 231, 3.22%, 0, 0, 7, 3281.19
1669698768, 0, 605, 1204, 1064, 231, 3.22%, 0, 0, 7, 3385.60
1669698773, 0, 605, 1209, 1069, 231, 3.22%, 0, 0, 7, 3404.92
1669698779, 0, 609, 1210, 1069, 233, 3.22%, 0, 0, 7, 3468.78
1669698789, 0, 613, 1212, 1070, 232, 3.22%, 0, 0, 7, 3508.30
1669698794, 0, 613, 1214, 1072, 232, 3.22%, 0, 0, 7, 3543.32
1669698799, 0, 613, 1217, 1075, 232, 3.23%, 0, 0, 7, 3463.62
1669698804, 0, 614, 1221, 1078, 234, 3.26%, 0, 0, 7, 3478.81
1669698814, 0, 614, 1226, 1083, 234, 3.26%, 0, 0, 7, 3481.71
1669698819, 0, 616, 1228, 1084, 235, 3.26%, 0, 0, 7, 3469.44
1669698824, 0, 616, 1232, 1088, 235, 3.26%, 0, 0, 7, 3534.31
1669698829, 0, 621, 1232, 1087, 235, 3.26%, 0, 0, 7, 3520.58
1669698835, 0, 622, 1233, 1087, 234, 3.26%, 0, 0, 7, 3498.56
1669698840, 0, 625, 1235, 1088, 233, 3.26%, 0, 0, 7, 3577.98
1669698845, 0, 627, 1237, 1089, 232, 3.27%, 0, 0, 7, 3550.97
1669698850, 0, 627, 1239, 1091, 232, 3.28%, 0, 0, 7, 3524.67
1669698855, 0, 630, 1240, 1091, 233, 3.28%, 0, 0, 7, 3476.90
1669698860, 0, 630, 1241, 1092, 233, 3.28%, 0, 0, 7, 3486.97
1669698865, 0, 630, 1243, 1094, 233, 3.28%, 0, 0, 7, 3469.20
1669698870, 0, 631, 1244, 1094, 235, 3.28%, 0, 0, 7, 3482.43
1669698875, 0, 631, 1246, 1096, 235, 3.29%, 0, 0, 7, 3464.20
1669698880, 0, 631, 1249, 1099, 235, 3.29%, 0, 0, 7, 3499.64
1669698885, 0, 637, 1249, 1098, 235, 3.29%, 0, 0, 7, 3490.56
1669698895, 0, 637, 1253, 1102, 235, 3.30%, 0, 0, 7, 3466.58
1669698905, 0, 641, 1254, 1102, 236, 3.30%, 0, 0, 7, 3453.20
1669698911, 0, 641, 1255, 1103, 236, 3.30%, 0, 0, 7, 3467.31
1669698916, 0, 645, 1257, 1104, 236, 3.30%, 0, 0, 7, 3447.60
1669698926, 0, 646, 1258, 1104, 235, 3.30%, 0, 0, 7, 3516.94
1669698931, 0, 651, 1259, 1104, 234, 3.30%, 0, 0, 7, 3515.47
1669698941, 0, 651, 1263, 1108, 234, 3.30%, 0, 0, 7, 3479.20
1669698946, 0, 651, 1264, 1109, 234, 3.30%, 0, 0, 7, 3450.48
1669698951, 0, 652, 1264, 1108, 234, 3.30%, 0, 0, 7, 3468.55
1669698961, 0, 654, 1265, 1108, 233, 3.30%, 0, 0, 7, 3474.95
1669698971, 0, 654, 1267, 1110, 233, 3.30%, 0, 0, 7, 3515.92
1669698976, 0, 668, 1268, 1110, 232, 3.31%, 0, 0, 7, 3376.60
1669698986, 0, 668, 1272, 1114, 232, 3.31%, 0, 0, 7, 3338.43
1669698991, 0, 671, 1277, 1118, 234, 3.36%, 0, 0, 7, 3339.32
1669698997, 0, 671, 1287, 1128, 234, 3.39%, 0, 0, 7, 3389.55
1669699002, 0, 671, 1288, 1129, 234, 3.39%, 0, 0, 7, 3401.41
1669699007, 0, 671, 1292, 1133, 234, 3.41%, 0, 0, 7, 3414.73
1669699012, 0, 674, 1297, 1137, 243, 3.42%, 0, 0, 7, 3319.44
1669699017, 0, 674, 1299, 1139, 243, 3.43%, 0, 0, 7, 3218.65
1669699022, 0, 674, 1300, 1140, 243, 3.43%, 0, 0, 7, 3193.21
1669699027, 0, 674, 1304, 1144, 243, 3.43%, 0, 0, 7, 3345.39
1669699032, 0, 678, 1306, 1145, 249, 3.44%, 0, 0, 7, 3329.12
1669699042, 0, 678, 1309, 1148, 249, 3.45%, 0, 0, 7, 3295.74
1669699047, 0, 678, 1310, 1149, 249, 3.46%, 0, 0, 7, 3340.72
1669699052, 0, 679, 1310, 1148, 250, 3.46%, 0, 0, 7, 3198.61
1669699063, 0, 679, 1312, 1150, 250, 3.46%, 0, 0, 7, 3221.06
1669699068, 0, 679, 1318, 1156, 250, 3.48%, 0, 0, 7, 3281.88
1669699073, 0, 685, 1319, 1156, 255, 3.48%, 0, 0, 7, 3438.04
1669699078, 0, 686, 1321, 1157, 254, 3.48%, 0, 0, 7, 3445.60
1669699083, 0, 686, 1323, 1159, 254, 3.48%, 0, 0, 7, 3447.96
1669699088, 0, 686, 1326, 1162, 254, 3.48%, 0, 0, 7, 3442.18
1669699093, 0, 687, 1327, 1162, 256, 3.49%, 0, 0, 7, 3432.93
1669699103, 0, 692, 1329, 1163, 256, 3.49%, 0, 0, 7, 3398.70
1669699113, 0, 696, 1332, 1165, 256, 3.49%, 0, 0, 7, 3208.07
1669699118, 0, 696, 1337, 1170, 256, 3.51%, 0, 0, 7, 3117.20
1669699128, 0, 696, 1340, 1173, 256, 3.51%, 0, 0, 7, 3172.33
1669699133, 0, 696, 1344, 1177, 256, 3.52%, 0, 0, 7, 3157.15
1669699138, 0, 697, 1346, 1178, 263, 3.53%, 0, 0, 7, 3145.65
1669699143, 0, 697, 1348, 1180, 263, 3.53%, 0, 0, 7, 3093.13
1669699153, 0, 697, 1350, 1182, 263, 3.54%, 0, 0, 7, 3156.06
1669699158, 0, 697, 1351, 1183, 263, 3.54%, 0, 0, 7, 3206.41
1669699163, 0, 698, 1352, 1183, 267, 3.54%, 0, 0, 7, 3200.12
1669699179, 0, 698, 1355, 1186, 267, 3.55%, 0, 0, 7, 3247.97
1669699184, 0, 698, 1356, 1187, 267, 3.55%, 0, 0, 7, 3260.58
1669699189, 0, 703, 1357, 1187, 268, 3.55%, 0, 0, 7, 3190.92
1669699194, 0, 703, 1359, 1189, 268, 3.55%, 0, 0, 7, 3158.43
1669699204, 0, 703, 1361, 1191, 268, 3.55%, 0, 0, 7, 3224.92
1669699209, 0, 705, 1363, 1192, 268, 3.55%, 0, 0, 7, 3235.98
1669699224, 0, 708, 1366, 1194, 268, 3.57%, 0, 0, 7, 3250.74
1669699229, 0, 708, 1368, 1196, 268, 3.57%, 0, 0, 7, 3115.34
1669699239, 0, 711, 1368, 1195, 272, 3.57%, 0, 0, 7, 3186.40
1669699255, 0, 711, 1369, 1196, 272, 3.57%, 0, 0, 7, 3175.38
1669699260, 0, 712, 1371, 1197, 272, 3.58%, 0, 0, 7, 3113.93
1669699275, 0, 712, 1375, 1201, 272, 3.58%, 0, 0, 7, 3215.96
1669699280, 0, 713, 1376, 1201, 273, 3.59%, 0, 0, 7, 3259.84
1669699295, 0, 713, 1380, 1205, 273, 3.59%, 0, 0, 7, 3437.97
1669699300, 0, 713, 1382, 1207, 273, 3.59%, 0, 0, 7, 3451.26
1669699305, 0, 716, 1383, 1207, 274, 3.59%, 0, 0, 7, 3394.08
1669699315, 0, 716, 1384, 1208, 274, 3.59%, 0, 0, 7, 3394.93
1669699320, 0, 716, 1387, 1211, 274, 3.59%, 0, 0, 7, 3453.72
1669699325, 0, 718, 1393, 1216, 273, 3.61%, 0, 0, 7, 3361.52
1669699330, 0, 718, 1394, 1217, 273, 3.61%, 0, 0, 7, 3295.34
1669699335, 0, 718, 1395, 1218, 273, 3.61%, 0, 0, 7, 3422.11
1669699340, 0, 718, 1397, 1220, 273, 3.61%, 0, 0, 7, 3443.33
1669699345, 0, 719, 1398, 1220, 276, 3.61%, 0, 0, 7, 3420.18
1669699350, 0, 719, 1399, 1221, 276, 3.61%, 0, 0, 7, 3345.27
1669699360, 0, 728, 1401, 1222, 277, 3.61%, 0, 0, 7, 3385.67
1669699365, 0, 728, 1402, 1223, 277, 3.66%, 0, 0, 7, 3332.54
1669699375, 0, 728, 1405, 1226, 277, 3.66%, 0, 0, 7, 3321.51
1669699381, 0, 728, 1406, 1227, 277, 3.66%, 0, 0, 7, 3389.96
1669699386, 0, 733, 1407, 1227, 278, 3.66%, 0, 0, 7, 3550.16
1669699396, 0, 735, 1410, 1229, 279, 3.66%, 0, 0, 7, 3657.21
1669699406, 0, 735, 1411, 1230, 279, 3.66%, 0, 0, 7, 26.39
1669699411, 0, 745, 1412, 1230, 279, 3.66%, 0, 0, 7, 3456.19
1669699417, 0, 746, 1414, 1231, 278, 3.66%, 0, 0, 7, 3708.89
1669699422, 0, 750, 1414, 1230, 278, 3.66%, 0, 0, 7, 3728.43
1669699427, 0, 750, 1415, 1231, 278, 3.66%, 0, 0, 7, 3620.35
1669699432, 0, 762, 1415, 1230, 277, 3.66%, 0, 0, 7, 2866.67
1669699437, 0, 765, 1417, 1231, 276, 3.66%, 0, 0, 7, 3115.65
1669699447, 0, 767, 1419, 1232, 276, 3.66%, 0, 0, 7, 3659.59
1669699452, 0, 767, 1426, 1239, 276, 3.67%, 0, 0, 7, 3736.53
1669699457, 0, 767, 1428, 1241, 276, 3.67%, 0, 0, 7, 3752.48
1669699462, 0, 772, 1432, 1244, 279, 3.69%, 0, 0, 7, 3763.14
1669699467, 0, 777, 1434, 1245, 283, 3.69%, 0, 0, 7, 3655.44
1669699473, 0, 785, 1434, 1244, 282, 3.69%, 0, 0, 7, 3616.58
1669699483, 0, 785, 1440, 1250, 282, 3.70%, 0, 0, 7, 3709.38
1669699488, 0, 785, 1442, 1252, 282, 3.70%, 0, 0, 7, 3726.82
1669699493, 0, 787, 1442, 1251, 283, 3.70%, 0, 0, 7, 3693.24
1669699498, 0, 787, 1446, 1255, 283, 3.70%, 0, 0, 7, 3651.31
1669699508, 0, 794, 1449, 1257, 283, 3.70%, 0, 0, 7, 3569.13
1669699513, 0, 795, 1450, 1257, 283, 3.70%, 0, 0, 7, 3477.92
1669699523, 0, 796, 1451, 1257, 283, 3.70%, 0, 0, 7, 3534.46
1669699528, 0, 796, 1453, 1259, 283, 3.70%, 0, 0, 7, 3535.64
1669699533, 0, 797, 1454, 1259, 283, 3.70%, 0, 0, 7, 3497.39
1669699538, 0, 797, 1459, 1264, 283, 3.70%, 0, 0, 7, 3513.20
1669699543, 0, 797, 1464, 1269, 283, 3.70%, 0, 0, 7, 3501.27
1669699548, 0, 802, 1465, 1269, 283, 3.70%, 0, 0, 7, 3460.20
1669699554, 0, 802, 1468, 1272, 283, 3.70%, 0, 0, 7, 3496.66
1669699559, 0, 803, 1468, 1271, 282, 3.70%, 0, 0, 7, 3469.57
1669699564, 0, 803, 1470, 1273, 282, 3.70%, 0, 0, 7, 3439.74
1669699569, 0, 807, 1470, 1272, 282, 3.70%, 0, 0, 7, 3551.16
1669699574, 0, 807, 1473, 1275, 282, 3.70%, 0, 0, 7, 3573.48
1669699579, 0, 808, 1473, 1274, 282, 3.70%, 0, 0, 7, 3564.69
1669699584, 0, 810, 1473, 1273, 281, 3.70%, 0, 0, 7, 3527.22
1669699589, 0, 814, 1475, 1274, 280, 3.70%, 0, 0, 7, 3489.91
1669699594, 0, 814, 1482, 1281, 280, 3.72%, 0, 0, 7, 3519.86
1669699599, 0, 816, 1484, 1282, 283, 3.72%, 0, 0, 7, 3556.70
1669699604, 0, 816, 1488, 1286, 283, 3.75%, 0, 0, 7, 3508.90
1669699609, 0, 816, 1501, 1299, 283, 3.75%, 0, 0, 7, 3496.99
1669699615, 0, 816, 1509, 1307, 283, 3.76%, 0, 0, 7, 3505.29
1669699620, 0, 818, 1510, 1307, 285, 3.76%, 0, 0, 7, 3528.44
1669699625, 0, 823, 1511, 1307, 284, 3.76%, 0, 0, 7, 3525.01
1669699630, 0, 826, 1514, 1309, 284, 3.76%, 0, 0, 7, 3631.44
1669699635, 0, 828, 1514, 1308, 284, 3.76%, 0, 0, 7, 3704.98
1669699640, 0, 831, 1516, 1309, 283, 3.76%, 0, 0, 7, 3673.02
1669699645, 0, 831, 1518, 1311, 283, 3.76%, 0, 0, 7, 3697.03
1669699650, 0, 832, 1519, 1311, 283, 3.76%, 0, 0, 7, 3734.16
1669699655, 0, 832, 1522, 1314, 283, 3.76%, 0, 0, 7, 3733.79
1669699660, 0, 835, 1522, 1313, 283, 3.76%, 0, 0, 7, 3719.94
1669699665, 0, 835, 1525, 1316, 283, 3.76%, 0, 0, 7, 3705.56
1669699670, 0, 836, 1525, 1315, 282, 3.76%, 0, 0, 7, 3543.21
1669699675, 0, 840, 1526, 1315, 281, 3.77%, 0, 0, 7, 3554.42
1669699680, 0, 843, 1528, 1316, 281, 3.81%, 0, 0, 7, 3463.32
1669699685, 0, 843, 1534, 1322, 281, 3.81%, 0, 0, 7, 3514.40
1669699691, 0, 843, 1537, 1325, 281, 3.83%, 0, 0, 7, 3504.30
1669699696, 0, 844, 1537, 1324, 283, 3.83%, 0, 0, 7, 3560.06
1669699701, 0, 844, 1540, 1327, 283, 3.83%, 0, 0, 7, 3589.46
1669699706, 0, 845, 1541, 1327, 283, 3.83%, 0, 0, 7, 3560.40
1669699711, 0, 845, 1545, 1331, 283, 3.83%, 0, 0, 7, 3575.51
1669699716, 0, 845, 1547, 1333, 283, 3.83%, 0, 0, 7, 3529.71
1669699721, 0, 846, 1547, 1332, 284, 3.83%, 0, 0, 7, 3650.81
1669699726, 0, 846, 1551, 1336, 284, 3.83%, 0, 0, 7, 3726.68
1669699736, 0, 852, 1552, 1336, 284, 3.83%, 0, 0, 7, 3649.44
1669699741, 0, 857, 1561, 1344, 284, 3.85%, 0, 0, 7, 3714.85
1669699746, 0, 857, 1569, 1352, 284, 3.85%, 0, 0, 7, 3796.72
1669699751, 0, 857, 1573, 1356, 284, 3.85%, 0, 0, 7, 3777.15
1669699757, 0, 858, 1576, 1358, 291, 3.87%, 0, 0, 7, 3767.26
1669699762, 0, 858, 1579, 1361, 291, 3.87%, 0, 0, 7, 3786.63
1669699767, 0, 858, 1582, 1364, 291, 3.88%, 0, 0, 7, 3777.96
1669699772, 0, 866, 1582, 1363, 294, 3.88%, 0, 0, 7, 3834.45
1669699777, 0, 868, 1583, 1363, 293, 3.88%, 0, 0, 7, 3783.68
1669699782, 0, 872, 1585, 1364, 292, 3.88%, 0, 0, 7, 3662.94
1669699787, 0, 875, 1586, 1364, 291, 3.88%, 0, 0, 7, 3443.83
1669699792, 0, 875, 1589, 1367, 291, 3.88%, 0, 0, 7, 3373.06
1669699802, 0, 877, 1591, 1368, 292, 3.89%, 0, 0, 7, 3727.50
1669699807, 0, 882, 1618, 1394, 292, 3.95%, 0, 0, 7, 3704.49
1669699812, 0, 882, 1628, 1404, 292, 3.97%, 0, 0, 7, 3721.80
1669699817, 0, 884, 1631, 1406, 306, 3.97%, 0, 0, 7, 3635.03
1669699822, 0, 884, 1634, 1409, 306, 3.97%, 0, 0, 7, 3708.86
1669699828, 0, 888, 1636, 1410, 306, 3.97%, 0, 0, 7, 3633.08
1669699833, 0, 891, 1638, 1411, 305, 3.97%, 0, 0, 7, 3518.19
1669699838, 0, 891, 1644, 1417, 305, 3.98%, 0, 0, 7, 3480.10
1669699843, 0, 899, 1644, 1416, 304, 3.98%, 0, 0, 7, 3533.20
1669699848, 0, 900, 1645, 1416, 303, 3.98%, 0, 0, 7, 3461.04
1669699853, 0, 900, 1648, 1419, 303, 3.98%, 0, 0, 7, 3511.83
1669699858, 0, 902, 1649, 1419, 302, 3.98%, 0, 0, 7, 3481.84
1669699863, 0, 903, 1651, 1420, 301, 3.99%, 0, 0, 7, 3542.98
1669699868, 0, 903, 1655, 1424, 301, 3.99%, 0, 0, 7, 3508.95
1669699873, 0, 903, 1658, 1427, 301, 3.99%, 0, 0, 7, 3554.28
1669699878, 0, 905, 1658, 1426, 303, 3.99%, 0, 0, 7, 3562.22
1669699883, 0, 906, 1660, 1427, 302, 3.99%, 0, 0, 8, 3492.43
1669699888, 0, 906, 1661, 1428, 302, 3.99%, 0, 0, 8, 3485.48
1669699893, 0, 908, 1661, 1427, 301, 3.99%, 0, 0, 8, 3448.13
1669699898, 0, 908, 1662, 1428, 301, 3.99%, 0, 0, 8, 3453.74
1669699903, 0, 909, 1662, 1427, 300, 3.99%, 0, 0, 8, 3313.35
1669699908, 0, 910, 1664, 1428, 300, 3.99%, 0, 0, 8, 3328.74
1669699913, 0, 910, 1666, 1430, 300, 4.00%, 0, 0, 8, 3356.93
1669699919, 0, 914, 1668, 1431, 297, 4.00%, 0, 0, 8, 3381.21
1669699924, 0, 914, 1669, 1432, 297, 4.00%, 0, 0, 8, 3511.39
1669699929, 0, 914, 1676, 1439, 297, 4.05%, 0, 0, 8, 3509.25
1669699934, 0, 919, 1676, 1438, 300, 4.05%, 0, 0, 8, 3375.71
1669699939, 0, 919, 1681, 1443, 300, 4.05%, 0, 0, 8, 3329.50
1669699944, 0, 922, 1684, 1445, 300, 4.05%, 0, 0, 8, 3350.83
1669699949, 0, 926, 1684, 1444, 299, 4.05%, 0, 0, 8, 3464.90
1669699954, 0, 929, 1684, 1443, 298, 4.05%, 0, 0, 8, 3403.28
1669699959, 0, 932, 1684, 1442, 297, 4.05%, 0, 0, 8, 3456.76
1669699964, 0, 932, 1688, 1446, 297, 4.05%, 0, 0, 8, 3550.94
1669699969, 0, 933, 1688, 1445, 296, 4.05%, 0, 0, 8, 3581.19
1669699974, 0, 937, 1689, 1444, 294, 4.05%, 0, 0, 8, 3567.61
1669699979, 0, 937, 1695, 1450, 294, 4.06%, 0, 0, 8, 3542.00
1669699984, 0, 938, 1697, 1451, 297, 4.06%, 0, 0, 8, 3429.89
1669699989, 0, 938, 1699, 1453, 297, 4.06%, 0, 0, 8, 3402.82
1669699994, 0, 941, 1699, 1452, 296, 4.06%, 0, 0, 8, 3402.21
1669699999, 0, 941, 1702, 1455, 296, 4.06%, 0, 0, 8, 3487.17
1669700004, 0, 941, 1704, 1457, 296, 4.06%, 0, 0, 8, 3458.54
1669700009, 0, 951, 1705, 1457, 295, 4.06%, 0, 0, 8, 3454.81
1669700014, 0, 954, 1707, 1458, 294, 4.06%, 0, 0, 8, 3614.06
1669700019, 0, 954, 1715, 1466, 294, 4.06%, 0, 0, 8, 3753.00
1669700024, 0, 958, 1717, 1467, 292, 4.06%, 0, 0, 8, 3753.61
1669700029, 0, 961, 1719, 1468, 293, 4.06%, 0, 0, 8, 3749.31
1669700035, 0, 962, 1721, 1469, 292, 4.06%, 0, 0, 8, 3789.30
1669700040, 0, 963, 1729, 1476, 292, 4.07%, 0, 0, 8, 3762.49
1669700045, 0, 963, 1732, 1479, 292, 4.07%, 0, 0, 8, 3761.49
1669700050, 0, 964, 1733, 1479, 295, 4.07%, 0, 0, 8, 3786.89
1669700055, 0, 964, 1737, 1483, 295, 4.07%, 0, 0, 8, 3796.15
1669700060, 0, 964, 1738, 1484, 295, 4.07%, 0, 0, 8, 3739.08
1669700065, 0, 970, 1741, 1486, 294, 4.07%, 0, 0, 8, 3731.57
1669700070, 0, 970, 1744, 1489, 294, 4.08%, 0, 0, 8, 3744.59
1669700075, 0, 971, 1744, 1488, 294, 4.08%, 0, 0, 8, 3776.68
1669700080, 0, 973, 1745, 1488, 294, 4.08%, 0, 0, 8, 3819.65
1669700085, 0, 975, 1747, 1489, 293, 4.08%, 0, 0, 8, 3749.51
1669700095, 0, 975, 1753, 1495, 293, 4.13%, 0, 0, 8, 3749.82
1669700100, 0, 976, 1755, 1496, 295, 4.13%, 0, 0, 8, 3731.42
1669700110, 0, 979, 1755, 1495, 294, 4.13%, 0, 0, 8, 3785.62
1669700115, 0, 979, 1756, 1496, 294, 4.13%, 0, 0, 8, 3795.33
1669700121, 0, 986, 1757, 1496, 293, 4.14%, 0, 0, 8, 3675.35
1669700126, 0, 991, 1760, 1498, 293, 4.15%, 0, 0, 8, 3701.09
1669700136, 0, 991, 1765, 1503, 293, 4.15%, 0, 0, 8, 3709.50
1669700141, 0, 991, 1767, 1505, 293, 4.15%, 0, 0, 8, 3520.82
1669700146, 0, 995, 1768, 1505, 295, 4.15%, 0, 0, 8, 3523.15
1669700151, 0, 998, 1772, 1508, 294, 4.15%, 0, 0, 8, 3480.29
1669700162, 0, 1001, 1773, 1508, 293, 4.15%, 0, 0, 8, 3470.34
1669700167, 0, 1003, 1774, 1508, 293, 4.15%, 0, 0, 8, 3464.87
1669700172, 0, 1003, 1777, 1511, 293, 4.16%, 0, 0, 8, 3517.29
1669700177, 0, 1004, 1778, 1511, 293, 4.16%, 0, 0, 8, 3467.92
1669700188, 0, 1004, 1781, 1514, 293, 4.16%, 0, 0, 8, 2852.76
1669700193, 0, 1005, 1781, 1513, 292, 4.16%, 0, 0, 8, 2957.57
1669700203, 0, 1005, 1784, 1516, 292, 4.16%, 0, 0, 8, 3332.89
1669700208, 0, 1006, 1784, 1515, 291, 4.16%, 0, 0, 8, 3082.46
1669700213, 0, 1006, 1787, 1518, 291, 4.16%, 0, 0, 8, 3423.91
1669700218, 0, 1007, 1787, 1517, 290, 4.16%, 0, 0, 8, 3572.32
1669700223, 0, 1017, 1788, 1517, 289, 4.16%, 0, 0, 8, 3638.46
1669700228, 0, 1017, 1794, 1523, 289, 4.18%, 0, 0, 8, 3329.42
1669700238, 0, 1017, 1798, 1527, 289, 4.19%, 0, 0, 8, 3354.17
1669700244, 0, 1022, 1798, 1526, 295, 4.19%, 0, 0, 8, 3422.60
1669700249, 0, 1025, 1798, 1525, 294, 4.19%, 0, 0, 8, 3484.28
1669700259, 0, 1027, 1798, 1524, 293, 4.19%, 0, 0, 8, 3362.42
1669700264, 0, 1027, 1800, 1526, 293, 4.19%, 0, 0, 8, 3366.75
1669700269, 0, 1031, 1802, 1527, 293, 4.19%, 0, 0, 8, 3422.65
1669700279, 0, 1032, 1804, 1528, 292, 4.19%, 0, 0, 8, 3423.18
1669700289, 0, 1034, 1806, 1529, 291, 4.19%, 0, 0, 8, 3437.62
1669700294, 0, 1034, 1808, 1531, 291, 4.19%, 0, 0, 8, 3459.22
1669700299, 0, 1038, 1809, 1531, 292, 4.19%, 0, 0, 8, 3460.03
1669700304, 0, 1038, 1811, 1533, 292, 4.21%, 0, 0, 8, 3466.11
1669700310, 0, 1040, 1812, 1533, 291, 4.21%, 0, 0, 8, 3413.70
1669700315, 0, 1040, 1814, 1535, 291, 4.21%, 0, 0, 8, 3444.11
1669700320, 0, 1041, 1814, 1534, 290, 4.21%, 0, 0, 8, 3477.61
1669700325, 0, 1042, 1815, 1534, 290, 4.21%, 0, 0, 8, 3514.05
1669700330, 0, 1050, 1816, 1534, 290, 4.21%, 0, 0, 8, 3430.95
1669700335, 0, 1052, 1816, 1533, 289, 4.21%, 0, 0, 8, 3430.15
1669700345, 0, 1053, 1817, 1533, 289, 4.21%, 0, 0, 8, 3697.78
1669700350, 0, 1053, 1818, 1534, 289, 4.21%, 0, 0, 8, 3710.55
1669700355, 0, 1053, 1822, 1538, 289, 4.22%, 0, 0, 8, 3669.40
1669700360, 0, 1055, 1823, 1538, 289, 4.22%, 0, 0, 8, 3667.83
1669700370, 0, 1057, 1824, 1538, 288, 4.22%, 0, 0, 8, 3725.94
1669700375, 0, 1064, 1825, 1538, 287, 4.22%, 0, 0, 8, 3734.43
1669700385, 0, 1065, 1825, 1537, 286, 4.22%, 0, 0, 8, 3462.12
1669700395, 0, 1065, 1829, 1541, 286, 4.22%, 0, 0, 8, 3419.67
1669700400, 0, 1068, 1831, 1542, 285, 4.22%, 0, 0, 8, 3266.97
1669700411, 0, 1068, 1834, 1545, 285, 4.22%, 0, 0, 8, 3414.20
1669700416, 0, 1069, 1834, 1544, 284, 4.22%, 0, 0, 8, 3408.46
1669700426, 0, 1074, 1836, 1545, 284, 4.22%, 0, 0, 8, 3313.63
1669700436, 0, 1074, 1838, 1547, 284, 4.22%, 0, 0, 8, 3291.07
1669700441, 0, 1075, 1838, 1546, 284, 4.22%, 0, 0, 8, 3294.02
1669700446, 0, 1075, 1840, 1548, 284, 4.22%, 0, 0, 8, 3409.39
1669700451, 0, 1075, 1842, 1550, 284, 4.22%, 0, 0, 8, 3311.65
1669700456, 0, 1077, 1842, 1549, 284, 4.22%, 0, 0, 8, 3351.88
1669700466, 0, 1077, 1844, 1551, 284, 4.22%, 0, 0, 8, 3300.11
1669700471, 0, 1078, 1845, 1551, 284, 4.22%, 0, 0, 8, 3343.53
1669700481, 0, 1082, 1847, 1552, 284, 4.22%, 0, 0, 8, 3344.76
