# relative_time, cycles_done, cur_item, corpus_count, pending_total, pending_favs, map_size, saved_crashes, saved_hangs, max_depth, execs_per_sec, total_execs, edges_found
60, 0, 193, 237, 231, 78, 2.02%, 0, 0, 3, 1923.66, 114865, 801
65, 0, 193, 240, 234, 78, 2.03%, 0, 0, 3, 1923.75, 124880, 807
70, 0, 193, 242, 236, 78, 2.04%, 0, 0, 3, 1933.01, 134774, 810
75, 0, 183, 258, 249, 86, 2.09%, 0, 0, 4, 1850.98, 144375, 828
80, 0, 183, 269, 260, 86, 2.10%, 0, 0, 4, 1844.07, 153657, 832
85, 0, 183, 278, 269, 86, 2.10%, 0, 0, 4, 1746.88, 162512, 835
91, 0, 183, 282, 273, 86, 2.11%, 0, 0, 4, 1866.22, 171927, 839
96, 0, 221, 300, 286, 97, 2.16%, 0, 0, 4, 1790.13, 181437, 857
101, 0, 221, 308, 294, 97, 2.18%, 0, 0, 4, 1772.42, 190698, 864
106, 0, 221, 310, 296, 97, 2.18%, 0, 0, 4, 1781.15, 199777, 864
111, 0, 221, 312, 298, 97, 2.18%, 0, 0, 4, 1833.32, 209456, 866
116, 0, 168, 321, 305, 107, 2.19%, 0, 0, 4, 1895.66, 219016, 869
121, 0, 168, 323, 307, 107, 2.19%, 0, 0, 4, 1816.77, 227987, 869
126, 0, 168, 323, 307, 107, 2.19%, 0, 0, 4, 1874.19, 237567, 869
131, 0, 151, 323, 304, 106, 2.19%, 0, 0, 4, 1847.25, 246919, 869
136, 0, 242, 332, 309, 103, 2.23%, 0, 0, 5, 1830.13, 256347, 884
141, 0, 242, 332, 309, 103, 2.23%, 0, 0, 5, 1873.41, 265815, 884
146, 0, 242, 333, 310, 103, 2.23%, 0, 0, 5, 1813.09, 274787, 885
152, 0, 242, 333, 310, 103, 2.23%, 0, 0, 5, 1842.77, 284231, 885
157, 0, 280, 339, 312, 106, 2.23%, 0, 0, 5, 1916.38, 294022, 887
162, 0, 254, 343, 308, 98, 2.23%, 0, 0, 5, 1804.91, 303118, 887
167, 0, 337, 355, 314, 96, 2.25%, 0, 0, 6, 1782.95, 312123, 894
172, 0, 337, 357, 316, 96, 2.25%, 0, 0, 6, 1891.73, 321902, 894
177, 0, 337, 359, 318, 96, 2.25%, 0, 0, 6, 1813.76, 330960, 894
182, 0, 337, 362, 321, 96, 2.25%, 0, 0, 6, 1694.40, 339792, 894
187, 0, 165, 364, 319, 95, 2.25%, 0, 0, 6, 1676.37, 348437, 894
192, 0, 25, 371, 319, 92, 2.27%, 0, 0, 6, 1686.21, 357015, 900
197, 0, 246, 372, 311, 83, 2.27%, 0, 0, 6, 1750.71, 366032, 900
202, 0, 300, 380, 312, 77, 2.27%, 0, 0, 6, 1710.10, 374786, 901
207, 0, 300, 386, 318, 77, 2.27%, 0, 0, 6, 1712.14, 383498, 901
212, 0, 300, 387, 319, 77, 2.27%, 0, 0, 6, 1799.00, 393001, 901
217, 0, 300, 390, 322, 77, 2.27%, 0, 0, 6, 1789.18, 402028, 901
222, 0, 391, 403, 332, 76, 2.31%, 0, 0, 7, 1768.74, 410830, 918
228, 0, 391, 409, 338, 76, 2.33%, 0, 0, 7, 1805.00, 419967, 923
233, 0, 391, 411, 340, 76, 2.34%, 0, 0, 7, 1837.43, 429371, 929
238, 0, 391, 413, 342, 76, 2.34%, 0, 0, 7, 1845.12, 438529, 929
243, 0, 391, 420, 349, 76, 2.34%, 0, 0, 7, 1461.27, 445842, 929
248, 0, 410, 449, 377, 83, 2.43%, 0, 0, 8, 1514.45, 453602, 963
253, 0, 410, 452, 380, 83, 2.43%, 0, 0, 8, 1618.19, 462147, 964
258, 0, 410, 460, 388, 83, 2.43%, 0, 0, 8, 1655.81, 470875, 965
263, 0, 410, 464, 392, 83, 2.44%, 0, 0, 8, 1698.84, 479432, 968
268, 0, 446, 470, 394, 95, 2.44%, 0, 0, 9, 1605.10, 487666, 970
273, 0, 454, 489, 408, 91, 2.46%, 0, 0, 9, 1782.61, 497139, 975
278, 0, 454, 493, 412, 91, 2.46%, 0, 0, 9, 1722.17, 505435, 976
283, 0, 454, 495, 414, 91, 2.46%, 0, 0, 9, 1740.26, 514357, 977
288, 0, 482, 496, 413, 91, 2.46%, 0, 0, 9, 1782.21, 523290, 977
293, 0, 482, 505, 422, 91, 2.48%, 0, 0, 9, 1564.08, 530800, 986
298, 0, 482, 505, 422, 91, 2.48%, 0, 0, 9, 1789.49, 540084, 986
304, 0, 482, 505, 422, 91, 2.48%, 0, 0, 9, 1287.17, 545769, 986
309, 0, 482, 505, 422, 91, 2.48%, 0, 0, 9, 1515.55, 553294, 986
314, 0, 488, 516, 429, 95, 2.49%, 0, 0, 10, 1752.53, 562513, 989
319, 0, 488, 518, 431, 95, 2.49%, 0, 0, 10, 1788.89, 571991, 989
324, 0, 488, 520, 433, 95, 2.49%, 0, 0, 10, 1888.65, 581597, 989
329, 0, 489, 523, 435, 94, 2.49%, 0, 0, 10, 1823.37, 590810, 989
334, 0, 511, 526, 433, 90, 2.49%, 0, 0, 10, 1823.56, 600054, 990
339, 0, 463, 530, 431, 85, 2.49%, 0, 0, 10, 1845.06, 609922, 990
344, 0, 503, 539, 438, 84, 2.53%, 0, 0, 10, 1884.64, 619625, 1004
349, 0, 503, 539, 438, 84, 2.53%, 0, 0, 10, 1942.27, 629516, 1004
354, 0, 503, 540, 439, 84, 2.56%, 0, 0, 10, 1922.80, 639105, 1015
359, 0, 144, 543, 440, 90, 2.56%, 0, 0, 10, 1957.31, 648965, 1015
365, 0, 144, 546, 443, 90, 2.56%, 0, 0, 10, 1840.50, 658006, 1015
370, 0, 144, 551, 448, 90, 2.56%, 0, 0, 10, 1864.76, 667459, 1018
375, 0, 538, 555, 452, 95, 2.56%, 0, 0, 10, 1950.78, 677306, 1018
380, 0, 436, 571, 465, 94, 2.61%, 0, 0, 10, 1840.88, 687033, 1035
385, 0, 520, 573, 460, 96, 2.61%, 0, 0, 11, 1827.57, 696221, 1035
390, 0, 284, 576, 457, 90, 2.61%, 0, 0, 11, 1796.81, 705532, 1035
395, 0, 301, 578, 454, 85, 2.61%, 0, 0, 11, 1899.68, 715318, 1035
400, 0, 540, 584, 455, 83, 2.62%, 0, 0, 11, 1874.50, 725040, 1040
405, 0, 498, 585, 449, 77, 2.62%, 0, 0, 11, 1823.09, 734109, 1041
410, 0, 555, 591, 451, 75, 2.64%, 0, 0, 11, 1820.62, 743292, 1046
415, 0, 565, 595, 452, 74, 2.65%, 0, 0, 11, 1828.54, 752687, 1050
420, 0, 565, 599, 456, 74, 2.66%, 0, 0, 11, 1923.35, 762633, 1055
426, 0, 565, 599, 456, 74, 2.66%, 0, 0, 11, 1942.49, 772478, 1055
431, 0, 527, 600, 450, 73, 2.66%, 0, 0, 11, 1923.69, 782109, 1057
436, 0, 559, 600, 445, 69, 2.66%, 0, 0, 11, 1912.71, 791684, 1057
441, 0, 492, 605, 446, 65, 2.67%, 0, 0, 11, 1802.14, 801159, 1059
446, 0, 598, 606, 442, 61, 2.67%, 0, 0, 11, 1830.35, 810362, 1060
451, 0, 596, 610, 440, 56, 2.68%, 0, 0, 11, 1888.30, 820363, 1062
456, 0, 596, 612, 442, 56, 2.68%, 0, 0, 11, 1813.17, 829182, 1062
461, 0, 596, 613, 443, 56, 2.68%, 0, 0, 11, 1934.22, 839019, 1062
466, 0, 591, 614, 441, 56, 2.68%, 0, 0, 11, 1932.82, 848607, 1063
471, 0, 536, 614, 435, 50, 2.68%, 0, 0, 11, 1885.63, 858134, 1063
476, 0, 228, 617, 435, 47, 2.68%, 0, 0, 11, 1876.74, 867511, 1063
481, 0, 273, 621, 435, 43, 2.68%, 0, 0, 11, 1937.93, 877678, 1064
486, 0, 619, 621, 431, 41, 2.68%, 0, 0, 11, 1825.54, 886837, 1064
492, 0, 357, 624, 427, 35, 2.69%, 0, 0, 11, 1863.57, 896553, 1066
497, 0, 266, 626, 423, 29, 2.69%, 0, 0, 11, 1835.23, 906097, 1066
502, 0, 455, 627, 419, 26, 2.69%, 0, 0, 11, 1937.32, 916333, 1067
507, 0, 424, 628, 415, 22, 2.69%, 0, 0, 11, 1857.62, 925926, 1067
512, 0, 502, 633, 419, 21, 2.69%, 0, 0, 11, 1754.36, 934501, 1069
517, 0, 502, 633, 419, 21, 2.69%, 0, 0, 11, 1868.98, 943930, 1069
522, 0, 620, 638, 419, 19, 2.69%, 0, 0, 11, 1865.90, 953326, 1069
527, 0, 620, 638, 419, 19, 2.69%, 0, 0, 11, 1925.87, 963103, 1069
532, 0, 613, 641, 419, 16, 2.70%, 0, 0, 11, 1918.88, 972729, 1071
537, 0, 626, 650, 423, 14, 2.73%, 0, 0, 11, 1983.35, 982810, 1083
542, 0, 626, 658, 431, 14, 2.73%, 0, 0, 11, 1933.07, 992473, 1084
548, 0, 626, 663, 436, 14, 2.77%, 0, 0, 11, 1854.26, 1001856, 1099
553, 0, 626, 663, 436, 14, 2.77%, 0, 0, 11, 1930.58, 1011660, 1099
558, 0, 655, 669, 441, 19, 2.77%, 0, 0, 11, 1779.35, 1020636, 1100
563, 0, 662, 704, 473, 18, 2.88%, 0, 0, 11, 1707.72, 1029270, 1145
568, 0, 662, 709, 478, 18, 2.89%, 0, 0, 11, 1854.75, 1038643, 1148
573, 0, 662, 711, 480, 18, 2.89%, 0, 0, 11, 1928.49, 1048338, 1149
578, 0, 662, 714, 483, 18, 2.89%, 0, 0, 11, 1881.24, 1057587, 1149
583, 0, 700, 719, 483, 36, 2.90%, 0, 0, 11, 1727.77, 1066012, 1152
588, 0, 700, 726, 490, 36, 2.91%, 0, 0, 11, 1761.30, 1074693, 1156
593, 0, 700, 730, 494, 36, 2.91%, 0, 0, 11, 1816.38, 1084241, 1157
598, 0, 672, 731, 493, 38, 2.92%, 0, 0, 11, 1917.74, 1094044, 1158
603, 0, 578, 738, 499, 37, 2.96%, 0, 0, 11, 1925.04, 1103798, 1174
608, 0, 578, 739, 500, 37, 2.96%, 0, 0, 11, 1912.72, 1113419, 1174
613, 0, 685, 739, 499, 43, 2.96%, 0, 0, 11, 1854.50, 1122800, 1174
618, 0, 691, 741, 497, 39, 2.96%, 0, 0, 11, 1937.58, 1132650, 1176
623, 0, 604, 744, 497, 37, 2.97%, 0, 0, 11, 1854.10, 1141896, 1177
628, 0, 692, 746, 497, 36, 2.97%, 0, 0, 12, 1838.97, 1151187, 1177
633, 0, 735, 747, 495, 33, 2.97%, 0, 0, 12, 1835.46, 1160499, 1177
638, 0, 640, 751, 497, 31, 2.97%, 0, 0, 12, 1902.88, 1169927, 1178
643, 0, 365, 751, 493, 28, 2.97%, 0, 0, 12, 1898.71, 1179438, 1178
649, 0, 742, 753, 491, 24, 2.97%, 0, 0, 12, 1850.56, 1189031, 1178
654, 0, 732, 753, 487, 20, 2.97%, 0, 0, 12, 1868.58, 1198614, 1178
659, 0, 722, 756, 487, 17, 2.97%, 0, 0, 12, 1834.01, 1207991, 1179
664, 0, 655, 759, 488, 17, 2.97%, 0, 0, 12, 1751.53, 1216782, 1179
669, 0, 749, 761, 489, 17, 2.97%, 0, 0, 12, 1817.38, 1225880, 1179
674, 0, 669, 763, 488, 15, 2.98%, 0, 0, 12, 1724.70, 1234722, 1181
679, 0, 713, 764, 486, 14, 2.98%, 0, 0, 12, 1918.53, 1244454, 1181
684, 0, 762, 767, 487, 12, 2.98%, 0, 0, 12, 1898.13, 1253954, 1181
689, 0, 734, 768, 485, 10, 2.98%, 0, 0, 12, 1896.15, 1263560, 1181
694, 0, 769, 773, 488, 9, 2.98%, 0, 0, 12, 1962.99, 1273940, 1181
699, 0, 731, 773, 485, 7, 2.98%, 0, 0, 12, 1905.76, 1283740, 1181
705, 0, 695, 774, 484, 5, 2.98%, 0, 0, 12, 1910.20, 1293592, 1181
710, 0, 290, 775, 484, 4, 2.98%, 0, 0, 12, 1934.40, 1303297, 1181
715, 0, 760, 775, 483, 3, 2.98%, 0, 0, 12, 1891.04, 1312763, 1181
720, 0, 775, 778, 484, 2, 2.98%, 0, 0, 12, 1864.57, 1322464, 1184
725, 0, 745, 779, 483, 3, 2.98%, 0, 0, 12, 1942.09, 1332302, 1184
730, 0, 570, 779, 482, 4, 2.98%, 0, 0, 12, 1931.01, 1341944, 1184
735, 0, 208, 779, 482, 4, 2.98%, 0, 0, 12, 1950.45, 1352225, 1184
740, 0, 290, 779, 481, 3, 2.98%, 0, 0, 12, 1928.59, 1361910, 1184
745, 0, 529, 779, 479, 1, 2.98%, 0, 0, 12, 1913.22, 1371744, 1184
750, 0, 381, 779, 478, 1, 2.98%, 0, 0, 12, 1870.01, 1381085, 1184
756, 0, 311, 779, 478, 1, 2.98%, 0, 0, 12, 1906.95, 1391002, 1184
761, 0, 429, 780, 479, 2, 2.99%, 0, 0, 12, 1924.83, 1400742, 1186
766, 0, 779, 791, 489, 2, 3.06%, 0, 0, 13, 2010.99, 1411143, 1216
771, 0, 779, 793, 491, 2, 3.09%, 0, 0, 13, 2004.40, 1421277, 1225
776, 0, 780, 798, 495, 8, 3.19%, 0, 0, 14, 1947.98, 1431172, 1268
781, 0, 797, 827, 523, 10, 3.29%, 0, 0, 15, 1904.13, 1440853, 1305
786, 0, 797, 836, 532, 10, 3.30%, 0, 0, 15, 1809.57, 1449561, 1308
791, 0, 797, 837, 533, 10, 3.30%, 0, 0, 15, 1906.18, 1459265, 1311
796, 0, 797, 839, 535, 10, 3.30%, 0, 0, 15, 1853.60, 1468597, 1311
801, 0, 817, 847, 541, 18, 3.31%, 0, 0, 16, 1949.12, 1478918, 1314
806, 0, 560, 848, 539, 15, 3.31%, 0, 0, 16, 1922.69, 1488800, 1314
811, 0, 796, 851, 540, 13, 3.31%, 0, 0, 16, 1898.53, 1498326, 1314
816, 0, 560, 853, 539, 11, 3.31%, 0, 0, 16, 1849.58, 1507491, 1314
821, 0, 627, 854, 538, 10, 3.31%, 0, 0, 16, 1978.43, 1517615, 1314
826, 0, 208, 857, 539, 9, 3.31%, 0, 0, 16, 1856.15, 1526732, 1314
832, 0, 810, 859, 539, 7, 3.31%, 0, 0, 16, 1872.62, 1536527, 1314
837, 0, 206, 861, 537, 5, 3.31%, 0, 0, 16, 1819.37, 1546067, 1314
842, 0, 814, 862, 537, 5, 3.31%, 0, 0, 16, 1935.31, 1556045, 1315
847, 0, 858, 873, 546, 4, 3.31%, 0, 0, 17, 1887.18, 1565580, 1315
852, 0, 858, 877, 550, 4, 3.31%, 0, 0, 17, 1920.97, 1575390, 1315
857, 0, 858, 880, 553, 4, 3.31%, 0, 0, 17, 1895.51, 1585017, 1315
862, 0, 858, 880, 553, 4, 3.31%, 0, 0, 17, 1939.36, 1594829, 1315
867, 0, 504, 880, 552, 4, 3.31%, 0, 0, 17, 1918.16, 1604457, 1315
872, 0, 312, 880, 550, 2, 3.31%, 0, 0, 17, 1978.79, 1614760, 1315
877, 0, 852, 881, 550, 2, 3.32%, 0, 0, 17, 1956.60, 1624980, 1317
883, 0, 877, 884, 551, 3, 3.32%, 0, 0, 18, 1917.81, 1634885, 1318
888, 0, 503, 885, 550, 3, 3.32%, 0, 0, 18, 1827.87, 1644041, 1318
893, 0, 534, 886, 550, 3, 3.33%, 0, 0, 18, 1944.74, 1653949, 1321
898, 0, 655, 889, 551, 4, 3.35%, 0, 0, 18, 1924.62, 1664063, 1328
903, 0, 673, 891, 552, 5, 3.35%, 0, 0, 18, 1881.39, 1673874, 1329
908, 0, 882, 892, 551, 5, 3.35%, 0, 0, 18, 1920.97, 1684001, 1329
913, 0, 777, 893, 551, 5, 3.35%, 0, 0, 18, 2001.14, 1694163, 1329
918, 0, 695, 893, 550, 4, 3.35%, 0, 0, 18, 1932.17, 1703968, 1329
923, 0, 880, 895, 551, 4, 3.35%, 0, 0, 18, 1914.35, 1713534, 1329
929, 0, 880, 900, 556, 4, 3.38%, 0, 0, 18, 1898.11, 1723525, 1340
934, 0, 880, 900, 556, 4, 3.38%, 0, 0, 18, 1828.08, 1732634, 1340
939, 0, 880, 902, 558, 4, 3.38%, 0, 0, 18, 1784.71, 1741713, 1341
944, 0, 898, 923, 578, 6, 3.43%, 0, 0, 18, 1833.13, 1750874, 1360
949, 0, 898, 926, 581, 6, 3.44%, 0, 0, 18, 1904.26, 1760583, 1365
954, 0, 898, 927, 582, 6, 3.44%, 0, 0, 18, 1879.70, 1769978, 1365
959, 0, 898, 929, 584, 6, 3.44%, 0, 0, 18, 1943.82, 1780211, 1365
964, 0, 912, 929, 581, 10, 3.44%, 0, 0, 18, 1845.77, 1789214, 1365
969, 0, 890, 929, 579, 8, 3.44%, 0, 0, 18, 1941.54, 1799006, 1365
974, 0, 923, 934, 582, 7, 3.45%, 0, 0, 19, 1819.13, 1808006, 1369
979, 0, 923, 935, 583, 7, 3.45%, 0, 0, 19, 1862.79, 1817535, 1369
984, 0, 923, 935, 583, 7, 3.45%, 0, 0, 19, 1819.57, 1826589, 1369
989, 0, 923, 936, 584, 7, 3.45%, 0, 0, 19, 1827.56, 1835832, 1369
994, 0, 701, 936, 582, 8, 3.45%, 0, 0, 19, 1900.27, 1845741, 1369
999, 0, 932, 940, 585, 8, 3.47%, 0, 0, 20, 1899.69, 1855298, 1378
1004, 0, 932, 942, 587, 8, 3.47%, 0, 0, 20, 1749.53, 1863944, 1379
1009, 0, 932, 942, 587, 8, 3.47%, 0, 0, 20, 1853.52, 1873322, 1379
1014, 0, 932, 943, 588, 8, 3.48%, 0, 0, 20, 1822.99, 1882367, 1381
1020, 0, 453, 946, 589, 11, 3.48%, 0, 0, 21, 1873.25, 1891789, 1382
1025, 0, 453, 948, 591, 11, 3.48%, 0, 0, 21, 1865.88, 1901127, 1382
1030, 0, 453, 948, 591, 11, 3.48%, 0, 0, 21, 1841.03, 1910228, 1382
1035, 0, 453, 948, 591, 11, 3.48%, 0, 0, 21, 1861.75, 1919627, 1382
1040, 0, 921, 948, 591, 11, 3.48%, 0, 0, 21, 1932.67, 1929517, 1382
1045, 0, 911, 948, 588, 8, 3.48%, 0, 0, 21, 1812.89, 1938366, 1382
1050, 0, 438, 949, 587, 7, 3.48%, 0, 0, 21, 1851.23, 1947657, 1383
1055, 0, 896, 954, 592, 7, 3.48%, 0, 0, 21, 1782.61, 1956726, 1383
1060, 0, 948, 958, 594, 5, 3.48%, 0, 0, 21, 1906.62, 1966705, 1383
1065, 0, 948, 962, 598, 5, 3.48%, 0, 0, 21, 1887.05, 1976279, 1383
1070, 0, 948, 963, 599, 5, 3.48%, 0, 0, 21, 1889.95, 1985721, 1383
1075, 0, 948, 965, 601, 5, 3.48%, 0, 0, 21, 1908.72, 1995338, 1383
1080, 0, 942, 968, 603, 6, 3.49%, 0, 0, 21, 1881.67, 2004797, 1385
1085, 0, 965, 968, 602, 7, 3.49%, 0, 0, 21, 1831.33, 2013996, 1385
1090, 0, 964, 974, 606, 5, 3.49%, 0, 0, 21, 1836.04, 2023253, 1385
1095, 0, 964, 976, 608, 5, 3.49%, 0, 0, 21, 1876.77, 2032822, 1386
1100, 0, 964, 977, 609, 5, 3.49%, 0, 0, 21, 1861.20, 2042227, 1386
1105, 0, 964, 977, 609, 5, 3.49%, 0, 0, 21, 1805.52, 2051354, 1386
1110, 0, 381, 977, 608, 5, 3.49%, 0, 0, 21, 1902.24, 2060998, 1386
1116, 0, 943, 978, 608, 4, 3.49%, 0, 0, 22, 1884.03, 2070751, 1386
1121, 0, 978, 979, 607, 3, 3.49%, 0, 0, 22, 1901.99, 2080336, 1386
1126, 0, 594, 979, 606, 2, 3.49%, 0, 0, 22, 1900.47, 2090273, 1386
1131, 0, 492, 979, 606, 2, 3.49%, 0, 0, 22, 1910.39, 2099888, 1386
1136, 0, 827, 980, 607, 3, 3.49%, 0, 0, 22, 1925.18, 2109576, 1387
1141, 0, 967, 980, 607, 3, 3.49%, 0, 0, 22, 1858.68, 2118921, 1387
1146, 0, 381, 981, 607, 2, 3.49%, 0, 0, 22, 1909.98, 2128671, 1387
1151, 0, 745, 981, 607, 2, 3.49%, 0, 0, 22, 1949.01, 2138792, 1387
1156, 0, 981, 983, 608, 2, 3.49%, 0, 0, 23, 1948.32, 2148549, 1387
1161, 0, 979, 988, 612, 1, 3.50%, 0, 0, 23, 1942.60, 2158281, 1389
1166, 0, 979, 989, 613, 1, 3.50%, 0, 0, 23, 1929.55, 2168016, 1389
1171, 0, 979, 989, 613, 1, 3.50%, 0, 0, 23, 1963.27, 2177927, 1389
1176, 0, 550, 989, 612, 2, 3.50%, 0, 0, 23, 1969.20, 2187951, 1389
1182, 0, 986, 990, 613, 2, 3.50%, 0, 0, 23, 1980.70, 2198400, 1390
1187, 0, 989, 990, 611, 1, 3.50%, 0, 0, 23, 1906.91, 2208335, 1390
1192, 0, 324, 990, 609, 0, 3.50%, 0, 0, 23, 1839.40, 2217551, 1390
1197, 0, 737, 990, 609, 0, 3.50%, 0, 0, 23, 1888.01, 2227271, 1390
1202, 0, 843, 990, 609, 0, 3.50%, 0, 0, 23, 1907.23, 2236814, 1390
1207, 0, 670, 990, 609, 0, 3.50%, 0, 0, 23, 1855.65, 2246452, 1390
1212, 0, 965, 994, 613, 0, 3.51%, 0, 0, 23, 1814.55, 2255715, 1394
1217, 0, 965, 995, 614, 0, 3.51%, 0, 0, 23, 1880.12, 2265154, 1395
1222, 0, 991, 996, 614, 4, 3.52%, 0, 0, 23, 1899.65, 2274708, 1397
1227, 0, 827, 997, 614, 5, 3.52%, 0, 0, 23, 1519.15, 2282512, 1397
1232, 0, 301, 997, 614, 5, 3.52%, 0, 0, 23, 867.10, 2285945, 1397
3470, 0, 995, 997, 614, 5, 3.52%, 0, 0, 23, 0.04, 2288039, 1397
3475, 0, 605, 998, 613, 5, 3.52%, 0, 0, 24, 884.26, 2292660, 1397
3480, 0, 570, 998, 613, 5, 3.52%, 0, 0, 24, 1374.02, 2300701, 1397
3485, 0, 560, 998, 612, 4, 3.52%, 0, 0, 24, 1714.72, 2309640, 1397
3491, 0, 183, 1002, 615, 3, 3.52%, 0, 0, 24, 1827.81, 2319052, 1397
3496, 0, 993, 1002, 614, 3, 3.52%, 0, 0, 24, 1846.97, 2328474, 1397
3501, 0, 660, 1002, 612, 2, 3.52%, 0, 0, 24, 1816.98, 2337720, 1397
3506, 0, 290, 1002, 609, 2, 3.52%, 0, 0, 24, 1881.51, 2347688, 1397
3511, 0, 924, 1002, 608, 2, 3.52%, 0, 0, 24, 1917.45, 2357286, 1397
3516, 0, 156, 1002, 607, 1, 3.52%, 0, 0, 24, 1876.50, 2366730, 1397
3521, 0, 742, 1002, 607, 1, 3.52%, 0, 0, 24, 1914.04, 2376402, 1397
3526, 0, 972, 1003, 608, 1, 3.52%, 0, 0, 24, 1669.14, 2384440, 1397
3531, 0, 685, 1006, 610, 3, 3.52%, 0, 0, 24, 1774.70, 2393192, 1398
3536, 0, 632, 1006, 610, 3, 3.52%, 0, 0, 24, 1862.60, 2402572, 1398
3541, 0, 881, 1008, 612, 3, 3.52%, 0, 0, 24, 1773.96, 2411758, 1398
3546, 0, 972, 1008, 611, 3, 3.52%, 0, 0, 24, 1820.01, 2421028, 1398
3551, 0, 1003, 1011, 613, 3, 3.52%, 0, 0, 24, 1721.84, 2429535, 1399
3556, 0, 755, 1012, 613, 4, 3.53%, 0, 0, 24, 1722.51, 2438168, 1401
3562, 0, 605, 1012, 610, 3, 3.53%, 0, 0, 24, 1601.71, 2446067, 1401
3567, 0, 403, 1012, 608, 2, 3.53%, 0, 0, 24, 1858.52, 2456081, 1401
3572, 0, 1008, 1012, 608, 2, 3.53%, 0, 0, 24, 1814.23, 2465155, 1401
3577, 0, 301, 1012, 606, 0, 3.53%, 0, 0, 24, 1841.42, 2474303, 1401
3582, 0, 886, 1013, 607, 0, 3.53%, 0, 0, 24, 1822.92, 2483423, 1401
3587, 0, 560, 1013, 607, 0, 3.53%, 0, 0, 24, 1847.91, 2492988, 1401
3592, 0, 381, 1013, 607, 0, 3.53%, 0, 0, 24, 1725.40, 2501849, 1401
3597, 0, 560, 1013, 607, 0, 3.53%, 0, 0, 24, 1844.52, 2511318, 1401
3602, 0, 301, 1013, 607, 0, 3.53%, 0, 0, 24, 1786.93, 2520472, 1401
3607, 0, 695, 1013, 607, 0, 3.53%, 0, 0, 24, 1906.79, 2530515, 1401
3613, 0, 734, 1013, 607, 0, 3.53%, 0, 0, 24, 1883.13, 2540386, 1401
3618, 0, 560, 1013, 607, 0, 3.53%, 0, 0, 24, 1954.07, 2550623, 1401
3623, 0, 847, 1013, 607, 0, 3.53%, 0, 0, 24, 1877.60, 2560188, 1401
3628, 0, 765, 1014, 608, 0, 3.53%, 0, 0, 24, 1926.33, 2569859, 1401
3633, 0, 208, 1014, 608, 0, 3.53%, 0, 0, 24, 1929.89, 2579543, 1401
3638, 0, 885, 1015, 609, 1, 3.53%, 0, 0, 24, 1875.54, 2589133, 1402
3643, 0, 986, 1016, 610, 1, 3.53%, 0, 0, 24, 1884.96, 2598669, 1402
3648, 0, 847, 1016, 609, 1, 3.53%, 0, 0, 24, 1842.44, 2607957, 1402
3652, 0, 232, 1016, 609, 1, 3.53%, 0, 0, 24, 1859.92, 2614550, 1402
