# unix_time, cycles_done, cur_path, paths_total, pending_total, pending_favs, map_size, unique_crashes, unique_hangs, max_depth, execs_per_sec
1669643833, 0, 0, 1, 1, 1, 2.29%, 0, 0, 1, 888.89
1669643838, 0, 0, 200, 200, 1, 3.92%, 0, 0, 2, 1306.92
1669643843, 0, 0, 237, 237, 1, 4.12%, 0, 0, 2, 1442.45
1669643848, 0, 0, 269, 269, 1, 4.25%, 0, 0, 2, 1316.11
1669643853, 0, 0, 286, 286, 1, 4.27%, 0, 0, 2, 1448.24
1669643858, 0, 0, 289, 289, 1, 4.27%, 0, 0, 2, 1280.99
1669643873, 0, 0, 301, 301, 1, 4.30%, 0, 0, 2, 1369.40
1669643879, 0, 0, 314, 314, 1, 4.33%, 0, 0, 2, 1348.81
1669643884, 0, 0, 358, 358, 1, 4.39%, 0, 0, 2, 1396.69
1669643889, 0, 0, 401, 401, 1, 4.43%, 0, 0, 2, 1475.86
1669643894, 0, 0, 421, 421, 1, 4.51%, 0, 0, 2, 1515.70
1669643899, 0, 0, 440, 440, 1, 4.52%, 0, 0, 2, 1437.95
1669643904, 0, 0, 446, 446, 1, 4.52%, 0, 0, 2, 1461.75
1669643909, 0, 2, 449, 448, 162, 4.52%, 0, 0, 2, 1696.20
1669643914, 0, 3, 449, 447, 161, 4.52%, 0, 0, 2, 1729.12
1669643919, 0, 6, 449, 446, 160, 4.52%, 0, 0, 2, 1635.12
1669643924, 0, 11, 449, 445, 159, 4.52%, 0, 0, 2, 1514.88
1669643970, 0, 11, 463, 459, 159, 4.54%, 0, 0, 3, 1512.99
1669643975, 0, 11, 472, 468, 159, 4.54%, 0, 0, 3, 1533.97
1669643980, 0, 11, 480, 476, 159, 4.55%, 0, 0, 3, 1409.90
1669643985, 0, 11, 492, 488, 159, 4.58%, 0, 0, 3, 1464.79
1669643990, 0, 17, 496, 491, 162, 4.59%, 0, 0, 3, 1577.43
1669644010, 0, 17, 497, 492, 162, 4.59%, 0, 0, 3, 1318.21
1669644015, 0, 18, 498, 492, 161, 4.60%, 0, 0, 3, 1367.10
1669644026, 0, 24, 503, 496, 160, 4.63%, 0, 0, 3, 1482.82
1669644056, 0, 25, 506, 498, 159, 4.63%, 0, 0, 3, 1459.65
1669644062, 0, 25, 509, 501, 159, 4.67%, 0, 0, 3, 1280.17
1669644067, 0, 25, 510, 502, 159, 4.67%, 0, 0, 3, 1257.44
1669644102, 0, 25, 512, 504, 159, 4.68%, 0, 0, 3, 1301.56
1669644112, 0, 25, 523, 515, 159, 4.71%, 0, 0, 3, 1383.92
1669644117, 0, 25, 532, 524, 159, 4.77%, 0, 0, 3, 1363.46
1669644122, 0, 25, 539, 531, 159, 4.79%, 0, 0, 3, 1455.87
1669644127, 0, 26, 543, 534, 172, 4.81%, 0, 0, 3, 1399.43
1669644168, 0, 26, 544, 535, 172, 4.81%, 0, 0, 3, 1297.59
1669644173, 0, 29, 545, 535, 172, 4.81%, 0, 0, 3, 1347.31
1669644183, 0, 29, 546, 536, 172, 4.81%, 0, 0, 3, 1466.84
1669644188, 0, 38, 549, 538, 173, 4.81%, 0, 0, 3, 1399.83
1669644198, 0, 38, 551, 540, 173, 4.81%, 0, 0, 3, 1328.25
1669644209, 0, 38, 558, 547, 173, 4.86%, 0, 0, 3, 1231.62
1669644234, 0, 44, 562, 550, 179, 4.86%, 0, 0, 3, 1428.87
1669644239, 0, 44, 566, 554, 179, 4.88%, 0, 0, 3, 1363.93
1669644244, 0, 44, 567, 555, 179, 4.88%, 0, 0, 3, 1367.27
1669644249, 0, 44, 571, 559, 179, 4.91%, 0, 0, 3, 1344.84
1669644270, 0, 44, 572, 560, 179, 4.91%, 0, 0, 3, 1351.89
1669644285, 0, 60, 576, 563, 186, 4.95%, 0, 0, 3, 1403.41
1669644290, 0, 60, 579, 566, 186, 4.97%, 0, 0, 3, 1376.90
1669644300, 0, 60, 582, 569, 186, 4.98%, 0, 0, 3, 1071.08
1669644330, 0, 60, 584, 571, 186, 4.98%, 0, 0, 3, 1271.01
1669644340, 0, 71, 587, 573, 189, 4.99%, 0, 0, 3, 1210.51
1669644345, 0, 71, 589, 575, 189, 5.00%, 0, 0, 3, 1215.03
1669644355, 0, 71, 593, 579, 189, 5.01%, 0, 0, 3, 1277.93
1669644391, 0, 71, 594, 580, 189, 5.01%, 0, 0, 3, 1231.17
1669644396, 0, 80, 597, 582, 193, 5.01%, 0, 0, 3, 1191.26
1669644452, 0, 82, 599, 583, 193, 5.01%, 0, 0, 3, 1284.56
1669644507, 0, 82, 600, 584, 193, 5.01%, 0, 0, 3, 1140.46
1669644512, 0, 93, 603, 586, 192, 5.02%, 0, 0, 3, 1293.84
1669644542, 0, 94, 604, 586, 193, 5.02%, 0, 0, 3, 1401.72
1669644547, 0, 94, 607, 589, 193, 5.04%, 0, 0, 3, 1529.28
1669644578, 0, 102, 610, 591, 194, 5.04%, 0, 0, 3, 1328.28
1669644583, 0, 102, 614, 595, 194, 5.04%, 0, 0, 3, 1379.61
1669644628, 0, 103, 616, 596, 193, 5.04%, 0, 0, 3, 1266.70
1669644674, 0, 103, 620, 600, 193, 5.04%, 0, 0, 3, 1366.00
1669644680, 0, 103, 621, 601, 193, 5.04%, 0, 0, 3, 1446.88
1669644685, 0, 103, 625, 605, 193, 5.04%, 0, 0, 3, 1485.20
1669644690, 0, 103, 629, 609, 193, 5.05%, 0, 0, 3, 1534.01
1669644695, 0, 104, 634, 613, 193, 5.05%, 0, 0, 3, 1540.87
1669644700, 0, 104, 636, 615, 193, 5.06%, 0, 0, 3, 1516.41
1669644705, 0, 104, 637, 616, 193, 5.06%, 0, 0, 3, 1522.41
1669644730, 0, 114, 639, 617, 194, 5.06%, 0, 0, 3, 1420.88
1669644735, 0, 114, 647, 625, 194, 5.06%, 0, 0, 3, 1363.60
1669644740, 0, 114, 651, 629, 194, 5.06%, 0, 0, 3, 1337.58
1669644770, 0, 114, 654, 632, 194, 5.06%, 0, 0, 3, 1369.21
1669644775, 0, 114, 656, 634, 194, 5.06%, 0, 0, 3, 1330.66
1669644781, 0, 134, 660, 637, 193, 5.06%, 0, 0, 3, 1346.04
1669644786, 0, 134, 661, 638, 193, 5.06%, 0, 0, 3, 1354.82
1669644791, 0, 134, 664, 641, 193, 5.06%, 0, 0, 3, 1294.13
1669644796, 0, 134, 665, 642, 193, 5.06%, 0, 0, 3, 1369.52
1669644811, 0, 134, 666, 643, 193, 5.06%, 0, 0, 3, 1313.29
1669644821, 0, 134, 667, 644, 193, 5.06%, 0, 0, 3, 1359.78
1669644831, 0, 138, 676, 652, 197, 5.07%, 0, 0, 3, 1326.26
1669644836, 0, 138, 677, 653, 197, 5.08%, 0, 0, 3, 1258.79
1669644841, 0, 138, 689, 665, 197, 5.17%, 0, 0, 3, 1218.03
1669644856, 0, 138, 690, 666, 197, 5.17%, 0, 0, 3, 1304.11
1669644877, 0, 138, 691, 667, 197, 5.17%, 0, 0, 3, 1299.78
1669644882, 0, 152, 693, 668, 211, 5.18%, 0, 0, 3, 1377.42
1669644932, 0, 159, 694, 668, 211, 5.18%, 0, 0, 3, 1253.46
1669644937, 0, 159, 695, 669, 211, 5.19%, 0, 0, 3, 1225.17
1669644942, 0, 159, 696, 670, 211, 5.20%, 0, 0, 3, 1265.15
1669644983, 0, 159, 698, 672, 211, 5.20%, 0, 0, 3, 1224.47
1669644988, 0, 159, 702, 676, 211, 5.20%, 0, 0, 3, 1336.34
1669644993, 0, 159, 708, 682, 211, 5.23%, 0, 0, 3, 1424.98
1669644998, 0, 159, 714, 688, 211, 5.26%, 0, 0, 3, 1471.18
1669645003, 0, 159, 720, 694, 211, 5.27%, 0, 0, 3, 1407.89
1669645008, 0, 159, 722, 696, 211, 5.27%, 0, 0, 3, 1384.98
1669645013, 0, 160, 725, 698, 213, 5.27%, 0, 0, 3, 1282.19
1669645054, 0, 160, 727, 700, 213, 5.27%, 0, 0, 3, 1359.94
1669645059, 0, 161, 728, 700, 215, 5.27%, 0, 0, 3, 1394.57
1669645069, 0, 161, 729, 701, 215, 5.27%, 0, 0, 3, 1415.22
1669645084, 0, 164, 731, 702, 215, 5.27%, 0, 0, 3, 1289.46
1669645135, 0, 166, 731, 701, 214, 5.27%, 0, 0, 3, 1243.27
1669645140, 0, 166, 734, 704, 214, 5.28%, 0, 0, 3, 1185.86
1669645145, 0, 166, 735, 705, 214, 5.28%, 0, 0, 3, 1213.73
1669645160, 0, 166, 736, 706, 214, 5.29%, 0, 0, 3, 1282.30
1669645190, 0, 167, 738, 707, 217, 5.29%, 0, 0, 3, 1288.17
1669645195, 0, 167, 739, 708, 217, 5.29%, 0, 0, 3, 1315.55
1669645241, 0, 167, 743, 712, 217, 5.29%, 0, 0, 3, 1343.35
1669645246, 0, 167, 744, 713, 217, 5.29%, 0, 0, 3, 1415.64
1669645251, 0, 167, 747, 716, 217, 5.29%, 0, 0, 3, 1442.08
1669645256, 0, 167, 748, 717, 217, 5.29%, 0, 0, 3, 1381.95
1669645261, 0, 167, 749, 718, 217, 5.30%, 0, 0, 3, 1352.27
1669645266, 0, 169, 750, 718, 217, 5.30%, 0, 0, 3, 1243.48
1669645276, 0, 169, 751, 719, 217, 5.30%, 0, 0, 3, 1208.79
1669645317, 0, 170, 753, 720, 216, 5.30%, 0, 0, 3, 1421.34
1669645322, 0, 170, 754, 721, 216, 5.30%, 0, 0, 3, 1349.32
1669645337, 0, 170, 755, 722, 216, 5.30%, 0, 0, 3, 1375.04
1669645367, 0, 170, 757, 724, 216, 5.30%, 0, 0, 3, 1270.89
1669645372, 0, 171, 758, 724, 215, 5.30%, 0, 0, 3, 1308.36
1669645382, 0, 171, 759, 725, 215, 5.30%, 0, 0, 3, 1268.38
1669645423, 0, 174, 759, 724, 214, 5.30%, 0, 0, 3, 1293.29
1669645428, 0, 174, 761, 726, 214, 5.30%, 0, 0, 3, 1293.72
1669645478, 0, 178, 762, 726, 213, 5.30%, 0, 0, 3, 1297.10
1669645483, 0, 178, 764, 728, 213, 5.30%, 0, 0, 3, 1282.79
1669645489, 0, 178, 765, 729, 213, 5.30%, 0, 0, 3, 1240.75
1669645529, 0, 180, 766, 729, 214, 5.31%, 0, 0, 3, 1437.14
1669645544, 0, 180, 767, 730, 214, 5.31%, 0, 0, 3, 1120.22
1669645549, 0, 180, 768, 731, 214, 5.31%, 0, 0, 3, 1216.04
1669645585, 0, 182, 768, 730, 214, 5.31%, 0, 0, 3, 1283.21
1669645640, 0, 184, 769, 730, 213, 5.31%, 0, 0, 3, 1296.70
1669645645, 0, 184, 771, 732, 213, 5.31%, 0, 0, 3, 1367.31
1669645701, 0, 185, 777, 737, 213, 5.32%, 0, 0, 3, 951.17
1669645706, 0, 185, 781, 741, 213, 5.33%, 0, 0, 3, 1008.91
1669645767, 0, 186, 783, 742, 217, 5.42%, 0, 0, 3, 1285.27
1669645802, 0, 197, 783, 741, 217, 5.42%, 0, 0, 3, 1334.69
1669645807, 0, 200, 784, 741, 216, 5.42%, 0, 0, 3, 1203.49
1669645812, 0, 200, 785, 742, 216, 5.42%, 0, 0, 3, 1190.66
1669645853, 0, 200, 786, 743, 216, 5.42%, 0, 0, 3, 1132.83
1669645863, 0, 201, 786, 742, 215, 5.42%, 0, 0, 3, 1209.60
1669645873, 0, 201, 787, 743, 215, 5.42%, 0, 0, 3, 1298.17
1669645914, 0, 202, 787, 742, 215, 5.42%, 0, 0, 3, 1411.09
1669645919, 0, 202, 788, 743, 215, 5.42%, 0, 0, 3, 1364.23
1669645949, 0, 202, 789, 744, 215, 5.42%, 0, 0, 3, 1218.99
1669645969, 0, 203, 790, 744, 216, 5.42%, 0, 0, 3, 1276.16
1669645979, 0, 203, 791, 745, 216, 5.42%, 0, 0, 3, 1187.31
1669645984, 0, 203, 792, 746, 216, 5.42%, 0, 0, 3, 1176.83
1669646020, 0, 204, 794, 747, 216, 5.42%, 0, 0, 3, 1398.78
1669646070, 0, 205, 796, 748, 215, 5.42%, 0, 0, 3, 1274.45
1669646075, 0, 205, 797, 749, 215, 5.42%, 0, 0, 3, 1204.17
1669646080, 0, 205, 799, 751, 215, 5.43%, 0, 0, 3, 1182.73
1669646116, 0, 205, 800, 752, 215, 5.43%, 0, 0, 3, 1138.81
1669646121, 0, 205, 801, 753, 215, 5.43%, 0, 0, 3, 1125.70
1669646126, 0, 205, 804, 756, 215, 5.44%, 0, 0, 3, 1296.93
1669646131, 0, 205, 809, 761, 215, 5.44%, 0, 0, 3, 1361.51
1669646136, 0, 205, 813, 765, 215, 5.45%, 0, 0, 3, 1378.93
1669646146, 0, 206, 815, 766, 220, 5.45%, 0, 0, 3, 1418.55
1669646151, 0, 206, 818, 769, 220, 5.46%, 0, 0, 3, 1310.31
1669646197, 0, 207, 820, 770, 220, 5.46%, 0, 0, 3, 1312.12
1669646247, 0, 208, 820, 769, 220, 5.46%, 0, 0, 3, 1292.23
1669646252, 0, 208, 821, 770, 220, 5.46%, 0, 0, 3, 1242.66
1669646263, 0, 208, 822, 771, 220, 5.46%, 0, 0, 3, 1220.93
1669646303, 0, 209, 823, 771, 219, 5.46%, 0, 0, 3, 1294.05
1669646313, 0, 209, 824, 772, 219, 5.46%, 0, 0, 3, 1311.80
1669646354, 0, 210, 824, 771, 218, 5.46%, 0, 0, 3, 1334.02
1669646364, 0, 210, 826, 773, 218, 5.46%, 0, 0, 3, 1180.07
1669646369, 0, 210, 827, 774, 218, 5.46%, 0, 0, 3, 1256.97
1669646404, 0, 210, 829, 776, 218, 5.46%, 0, 0, 3, 1382.79
1669646409, 0, 211, 830, 776, 218, 5.46%, 0, 0, 3, 1324.45
1669646420, 0, 211, 831, 777, 218, 5.46%, 0, 0, 3, 1176.99
1669646425, 0, 211, 832, 778, 218, 5.46%, 0, 0, 3, 1270.26
1669646460, 0, 212, 834, 779, 217, 5.46%, 0, 0, 3, 1222.96
1669646465, 0, 212, 835, 780, 217, 5.46%, 0, 0, 3, 1266.86
1669646475, 0, 212, 836, 781, 217, 5.46%, 0, 0, 3, 1244.84
1669646505, 0, 212, 837, 782, 217, 5.46%, 0, 0, 3, 1184.42
1669646516, 0, 214, 837, 781, 216, 5.46%, 0, 0, 3, 1244.53
1669646521, 0, 214, 838, 782, 216, 5.46%, 0, 0, 3, 1281.94
1669646531, 0, 214, 844, 788, 216, 5.46%, 0, 0, 3, 1298.53
1669646536, 0, 214, 847, 791, 216, 5.49%, 0, 0, 3, 1198.64
1669646561, 0, 214, 848, 792, 216, 5.49%, 0, 0, 3, 1214.47
1669646566, 0, 216, 851, 794, 218, 5.49%, 0, 0, 3, 1257.62
1669646571, 0, 216, 854, 797, 218, 5.50%, 0, 0, 3, 1319.37
1669646576, 0, 216, 856, 799, 218, 5.50%, 0, 0, 3, 1249.44
1669646607, 0, 216, 858, 801, 218, 5.50%, 0, 0, 3, 1302.63
1669646612, 0, 216, 859, 802, 218, 5.50%, 0, 0, 3, 1263.56
1669646617, 0, 221, 860, 802, 219, 5.50%, 0, 0, 3, 1304.81
1669646622, 0, 221, 863, 805, 219, 5.50%, 0, 0, 3, 1286.19
1669646627, 0, 221, 865, 807, 219, 5.50%, 0, 0, 3, 1305.28
1669646632, 0, 221, 872, 814, 219, 5.51%, 0, 0, 3, 1268.42
1669646668, 0, 221, 874, 816, 219, 5.51%, 0, 0, 3, 1292.86
1669646673, 0, 222, 876, 817, 220, 5.51%, 0, 0, 3, 1316.55
1669646683, 0, 222, 877, 818, 220, 5.51%, 0, 0, 3, 1205.65
1669646723, 0, 226, 877, 817, 219, 5.51%, 0, 0, 3, 1296.26
1669646728, 0, 226, 879, 819, 219, 5.52%, 0, 0, 3, 1178.21
1669646784, 0, 227, 881, 820, 222, 5.52%, 0, 0, 3, 1177.46
1669646789, 0, 227, 889, 828, 222, 5.53%, 0, 0, 3, 1213.17
1669646794, 0, 227, 891, 830, 222, 5.53%, 0, 0, 3, 1217.12
1669646804, 0, 227, 893, 832, 222, 5.53%, 0, 0, 3, 1263.26
1669646824, 0, 227, 894, 833, 222, 5.53%, 0, 0, 3, 1259.40
1669646834, 0, 227, 895, 834, 222, 5.53%, 0, 0, 3, 1239.52
1669646840, 0, 228, 896, 834, 226, 5.53%, 0, 0, 3, 1330.04
1669646890, 0, 229, 898, 835, 226, 5.54%, 0, 0, 3, 1292.26
1669646941, 0, 230, 899, 835, 226, 5.54%, 0, 0, 3, 1307.95
1669646951, 0, 230, 901, 837, 226, 5.55%, 0, 0, 3, 1269.41
1669646997, 0, 232, 901, 836, 227, 5.55%, 0, 0, 3, 1232.78
1669647002, 0, 232, 902, 837, 227, 5.55%, 0, 0, 3, 1254.45
1669647042, 0, 232, 904, 839, 227, 5.55%, 0, 0, 3, 1259.58
1669647052, 0, 232, 907, 842, 227, 5.55%, 0, 0, 3, 1303.76
1669647058, 0, 232, 911, 846, 227, 5.58%, 0, 0, 3, 1362.46
1669647063, 0, 232, 913, 848, 227, 5.58%, 0, 0, 3, 1441.84
1669647068, 0, 232, 915, 850, 227, 5.59%, 0, 0, 3, 1521.24
1669647073, 0, 233, 915, 849, 229, 5.59%, 0, 0, 3, 1469.36
1669647078, 0, 233, 916, 850, 229, 5.60%, 0, 0, 3, 1344.80
1669647118, 0, 233, 918, 852, 229, 5.61%, 0, 0, 3, 1356.14
1669647128, 0, 235, 918, 851, 230, 5.61%, 0, 0, 3, 1458.34
1669647153, 0, 236, 918, 850, 229, 5.61%, 0, 0, 3, 1421.34
1669647174, 0, 237, 918, 849, 228, 5.61%, 0, 0, 3, 1359.11
1669647179, 0, 237, 919, 850, 228, 5.61%, 0, 0, 3, 1300.44
1669647224, 0, 239, 919, 849, 227, 5.61%, 0, 0, 3, 1353.69
1669647229, 0, 239, 920, 850, 227, 5.61%, 0, 0, 3, 1361.05
1669647275, 0, 240, 920, 849, 226, 5.61%, 0, 0, 3, 1365.89
1669647325, 0, 241, 921, 849, 225, 5.61%, 0, 0, 3, 1282.61
1669647341, 0, 241, 922, 850, 225, 5.61%, 0, 0, 3, 1186.01
1669647381, 0, 245, 926, 853, 224, 5.62%, 0, 0, 3, 1411.97
1669647386, 0, 245, 927, 854, 224, 5.62%, 0, 0, 3, 1465.81
1669647392, 0, 245, 928, 855, 224, 5.62%, 0, 0, 3, 1441.28
1669647417, 0, 245, 930, 857, 224, 5.64%, 0, 0, 3, 1513.28
1669647427, 0, 247, 932, 858, 231, 5.64%, 0, 0, 3, 1490.00
