# relative_time, cycles_done, cur_item, corpus_count, pending_total, pending_favs, map_size, saved_crashes, saved_hangs, max_depth, execs_per_sec, total_execs, edges_found
61, 0, 430, 537, 536, 99, 6.69%, 0, 0, 3, 1122.60, 65557, 1271
66, 0, 514, 540, 538, 99, 6.69%, 0, 0, 3, 1121.96, 71258, 1271
71, 0, 285, 548, 543, 96, 6.69%, 0, 0, 4, 1127.38, 76988, 1271
76, 0, 285, 562, 557, 96, 6.70%, 0, 0, 4, 1117.33, 82828, 1274
81, 0, 285, 573, 568, 96, 6.73%, 0, 0, 4, 1109.93, 88449, 1279
86, 0, 285, 578, 573, 96, 6.74%, 0, 0, 4, 1098.14, 93950, 1280
91, 0, 285, 586, 581, 96, 6.78%, 0, 0, 4, 1054.14, 99140, 1289
96, 0, 506, 605, 598, 104, 6.79%, 0, 0, 4, 1066.07, 104735, 1290
101, 0, 506, 615, 608, 104, 6.79%, 0, 0, 4, 977.86, 109771, 1290
107, 0, 506, 620, 613, 104, 6.79%, 0, 0, 4, 1000.39, 114508, 1290
112, 0, 506, 626, 619, 104, 6.79%, 0, 0, 4, 1031.12, 119709, 1290
117, 0, 506, 630, 623, 104, 6.79%, 0, 0, 4, 1057.78, 125035, 1290
122, 0, 506, 631, 624, 104, 6.79%, 0, 0, 4, 1030.57, 130364, 1290
127, 0, 506, 632, 625, 104, 6.79%, 0, 0, 4, 1020.32, 135571, 1290
132, 0, 123, 634, 623, 101, 6.79%, 0, 0, 4, 1040.52, 140870, 1291
137, 0, 598, 637, 622, 98, 6.79%, 0, 0, 4, 1016.58, 145999, 1291
142, 0, 315, 640, 621, 94, 6.79%, 0, 0, 5, 1040.34, 151442, 1291
147, 0, 459, 641, 619, 92, 6.79%, 0, 0, 5, 868.61, 155525, 1291
152, 0, 601, 647, 624, 91, 6.80%, 0, 0, 5, 968.53, 160538, 1292
157, 0, 601, 648, 625, 91, 6.80%, 0, 0, 5, 1024.04, 165929, 1292
163, 0, 601, 651, 628, 91, 6.80%, 0, 0, 5, 1022.29, 171090, 1293
168, 0, 601, 655, 632, 91, 6.83%, 0, 0, 5, 995.89, 176218, 1298
173, 0, 601, 655, 632, 91, 6.83%, 0, 1, 5, 113.50, 180659, 1298
178, 0, 601, 656, 633, 91, 6.84%, 0, 1, 5, 1045.80, 185906, 1299
183, 0, 654, 657, 633, 94, 6.84%, 0, 1, 6, 997.81, 190615, 1299
188, 0, 384, 658, 630, 91, 6.84%, 0, 1, 6, 1051.89, 195953, 1299
194, 0, 267, 660, 629, 89, 6.84%, 0, 1, 6, 1034.45, 201330, 1299
199, 0, 555, 663, 629, 86, 6.85%, 0, 1, 6, 1019.88, 206426, 1302
204, 0, 555, 668, 634, 86, 6.88%, 0, 1, 6, 1027.18, 211621, 1308
209, 0, 555, 672, 638, 86, 6.89%, 0, 1, 6, 1038.38, 216829, 1310
214, 0, 555, 674, 640, 86, 6.89%, 0, 1, 6, 1004.78, 221863, 1310
219, 0, 555, 676, 642, 86, 6.90%, 0, 1, 6, 1014.17, 226897, 1312
224, 0, 518, 681, 646, 91, 6.91%, 0, 1, 6, 1010.96, 232018, 1313
229, 0, 676, 685, 649, 90, 6.91%, 0, 1, 6, 1016.83, 237166, 1314
234, 0, 676, 688, 652, 90, 6.93%, 0, 1, 6, 1003.15, 242327, 1317
239, 0, 676, 691, 655, 90, 6.94%, 0, 1, 6, 1014.56, 247448, 1318
244, 0, 676, 693, 657, 90, 6.95%, 0, 1, 6, 1016.37, 252622, 1321
249, 0, 676, 693, 657, 90, 6.95%, 0, 1, 6, 1030.89, 257818, 1321
254, 0, 651, 694, 654, 93, 6.95%, 0, 1, 6, 1055.26, 263149, 1321
259, 0, 612, 696, 653, 90, 6.95%, 0, 1, 6, 1038.29, 268371, 1321
264, 0, 612, 699, 656, 90, 6.95%, 0, 1, 6, 1039.38, 273530, 1321
269, 0, 697, 713, 669, 90, 6.95%, 0, 1, 6, 965.49, 278284, 1321
274, 0, 697, 717, 673, 90, 6.95%, 0, 1, 6, 976.73, 283214, 1321
280, 0, 697, 725, 681, 90, 6.95%, 0, 1, 6, 958.61, 288134, 1321
285, 0, 697, 728, 684, 90, 6.95%, 0, 1, 6, 965.19, 293019, 1321
290, 0, 697, 730, 686, 90, 6.95%, 0, 1, 6, 964.69, 297897, 1321
295, 0, 697, 731, 687, 90, 6.95%, 0, 1, 6, 940.30, 302624, 1321
300, 0, 697, 736, 692, 90, 6.95%, 0, 1, 6, 983.54, 307567, 1321
305, 0, 425, 737, 690, 90, 6.95%, 0, 1, 6, 1057.22, 313152, 1321
310, 0, 683, 742, 694, 89, 6.98%, 0, 1, 6, 1051.10, 318589, 1326
315, 0, 683, 744, 696, 89, 7.03%, 0, 1, 6, 1045.44, 323817, 1335
320, 0, 683, 744, 696, 89, 7.03%, 0, 1, 6, 1013.32, 328857, 1335
325, 0, 683, 746, 698, 89, 7.03%, 0, 1, 6, 1030.17, 334051, 1336
330, 0, 683, 749, 701, 89, 7.04%, 0, 1, 6, 1030.16, 339232, 1338
336, 0, 683, 750, 702, 89, 7.07%, 0, 1, 6, 1042.33, 344659, 1344
341, 0, 717, 754, 705, 97, 7.09%, 0, 1, 7, 1006.62, 349750, 1348
346, 0, 717, 757, 708, 97, 7.10%, 0, 1, 7, 994.10, 354868, 1349
351, 0, 717, 761, 712, 97, 7.10%, 0, 1, 7, 982.32, 359798, 1349
356, 0, 717, 763, 714, 97, 7.10%, 0, 1, 7, 976.94, 364714, 1349
361, 0, 717, 764, 715, 97, 7.10%, 0, 1, 7, 970.39, 369680, 1349
366, 0, 717, 767, 718, 97, 7.14%, 0, 1, 7, 979.99, 374641, 1356
371, 0, 717, 769, 720, 97, 7.14%, 0, 1, 7, 964.72, 379557, 1356
376, 0, 762, 772, 722, 101, 7.14%, 0, 1, 8, 1013.92, 384692, 1356
381, 0, 653, 774, 721, 101, 7.14%, 0, 1, 8, 1051.46, 390032, 1356
386, 0, 641, 774, 718, 99, 7.14%, 0, 1, 8, 1007.92, 395283, 1356
391, 0, 322, 775, 719, 99, 7.14%, 0, 1, 8, 993.87, 400341, 1356
397, 0, 770, 783, 726, 98, 7.14%, 0, 1, 9, 1001.66, 405455, 1356
402, 0, 770, 786, 729, 98, 7.14%, 0, 1, 9, 1006.54, 410443, 1356
407, 0, 770, 789, 732, 98, 7.14%, 0, 1, 9, 1021.46, 415564, 1356
412, 0, 770, 791, 734, 98, 7.14%, 0, 1, 9, 1040.61, 420818, 1356
417, 0, 770, 793, 736, 98, 7.14%, 0, 1, 9, 1049.52, 426040, 1357
422, 0, 792, 801, 743, 96, 7.14%, 0, 1, 10, 1066.64, 431504, 1357
427, 0, 792, 803, 745, 96, 7.14%, 0, 1, 10, 1063.87, 436894, 1357
432, 0, 792, 804, 746, 96, 7.14%, 0, 1, 10, 1053.78, 442235, 1357
437, 0, 792, 805, 747, 96, 7.15%, 0, 1, 10, 1053.19, 447492, 1358
442, 0, 792, 806, 748, 96, 7.15%, 0, 1, 10, 1076.76, 452977, 1358
447, 0, 694, 806, 745, 93, 7.15%, 0, 1, 10, 1074.64, 458401, 1358
452, 0, 659, 814, 751, 91, 7.18%, 0, 1, 10, 1072.24, 463821, 1364
457, 0, 659, 816, 753, 91, 7.18%, 0, 1, 10, 1061.25, 469148, 1364
462, 0, 659, 819, 756, 91, 7.20%, 0, 1, 10, 1058.72, 474503, 1368
467, 0, 659, 821, 758, 91, 7.21%, 0, 1, 10, 1053.13, 479956, 1370
473, 0, 659, 825, 762, 91, 7.23%, 0, 1, 10, 1067.39, 485381, 1374
478, 0, 680, 827, 762, 92, 7.23%, 0, 1, 10, 1007.69, 490470, 1374
483, 0, 787, 828, 761, 90, 7.23%, 0, 1, 10, 1056.51, 495751, 1374
488, 0, 481, 831, 761, 89, 7.23%, 0, 1, 10, 1059.68, 501166, 1374
493, 0, 582, 846, 775, 88, 7.26%, 0, 1, 10, 1053.76, 506476, 1380
498, 0, 582, 848, 777, 88, 7.26%, 0, 1, 10, 1035.63, 511692, 1380
503, 0, 582, 849, 778, 88, 7.26%, 0, 1, 10, 1058.23, 517060, 1380
508, 0, 582, 849, 778, 88, 7.26%, 0, 1, 10, 1041.14, 522299, 1380
513, 0, 582, 850, 779, 88, 7.26%, 0, 1, 10, 1039.96, 527506, 1380
518, 0, 582, 850, 779, 88, 7.26%, 0, 1, 10, 1048.34, 532347, 1380
523, 0, 846, 850, 776, 88, 7.26%, 0, 1, 10, 1035.58, 537656, 1380
528, 0, 850, 851, 775, 87, 7.26%, 0, 1, 10, 1078.76, 543180, 1380
533, 0, 816, 854, 775, 86, 7.27%, 0, 1, 10, 1088.15, 548629, 1381
538, 0, 654, 855, 774, 84, 7.27%, 0, 1, 10, 1076.14, 554030, 1381
543, 0, 728, 857, 776, 84, 7.27%, 0, 1, 10, 1062.40, 559360, 1381
548, 0, 849, 860, 777, 83, 7.27%, 0, 1, 10, 1054.84, 564718, 1381
553, 0, 852, 865, 780, 82, 7.27%, 0, 1, 10, 1056.27, 570183, 1381
558, 0, 852, 865, 780, 82, 7.27%, 0, 1, 10, 1050.77, 575517, 1381
564, 0, 852, 866, 781, 82, 7.27%, 0, 1, 10, 1045.44, 580754, 1381
569, 0, 852, 868, 783, 82, 7.27%, 0, 1, 10, 1046.74, 586148, 1381
574, 0, 852, 869, 784, 82, 7.27%, 0, 1, 10, 1039.17, 591355, 1381
579, 0, 852, 869, 784, 82, 7.27%, 0, 1, 10, 1056.73, 596671, 1381
584, 0, 852, 870, 785, 82, 7.29%, 0, 1, 10, 1038.11, 601905, 1386
589, 0, 685, 872, 785, 79, 7.31%, 0, 1, 10, 1059.28, 607300, 1390
594, 0, 800, 874, 784, 77, 7.31%, 0, 1, 11, 1070.22, 612892, 1390
599, 0, 782, 877, 785, 75, 7.31%, 0, 1, 11, 1071.98, 618385, 1390
604, 0, 874, 877, 784, 75, 7.31%, 0, 1, 11, 1069.84, 623900, 1390
612, 0, 374, 879, 783, 72, 7.31%, 0, 3, 11, 63.47, 629325, 1390
617, 0, 195, 881, 783, 71, 7.31%, 0, 4, 11, 942.24, 633055, 1390
622, 0, 390, 882, 780, 67, 7.31%, 0, 4, 11, 1042.21, 638382, 1390
627, 0, 869, 892, 789, 67, 7.33%, 0, 4, 11, 1043.76, 643635, 1392
632, 0, 869, 895, 792, 67, 7.33%, 0, 4, 11, 1031.49, 648836, 1392
637, 0, 869, 899, 796, 67, 7.36%, 0, 4, 11, 1033.34, 654024, 1398
642, 0, 869, 899, 796, 67, 7.36%, 0, 4, 11, 1039.56, 659284, 1398
647, 0, 869, 900, 797, 67, 7.36%, 0, 4, 11, 1016.43, 664411, 1398
652, 0, 869, 902, 799, 67, 7.38%, 0, 4, 11, 1031.15, 669645, 1402
657, 0, 869, 904, 801, 67, 7.38%, 0, 4, 11, 1039.75, 674875, 1402
662, 0, 756, 904, 797, 69, 7.38%, 0, 4, 11, 1042.57, 680235, 1402
667, 0, 821, 905, 796, 67, 7.38%, 0, 4, 11, 1052.07, 685507, 1402
672, 0, 692, 906, 795, 65, 7.38%, 0, 4, 11, 1076.19, 691006, 1402
677, 0, 881, 911, 799, 64, 7.38%, 0, 4, 11, 1082.11, 696502, 1402
682, 0, 879, 912, 799, 64, 7.38%, 0, 4, 11, 1066.81, 701900, 1402
688, 0, 768, 914, 799, 63, 7.38%, 0, 5, 11, 1058.67, 704569, 1402
693, 0, 768, 916, 801, 63, 7.38%, 0, 5, 11, 991.87, 709413, 1402
698, 0, 915, 918, 802, 62, 7.38%, 0, 5, 11, 988.46, 714382, 1402
703, 0, 915, 923, 807, 62, 7.38%, 0, 5, 11, 993.41, 719395, 1402
708, 0, 915, 925, 809, 62, 7.38%, 0, 5, 11, 974.17, 724254, 1402
713, 0, 915, 925, 809, 62, 7.38%, 0, 5, 11, 983.78, 729213, 1402
718, 0, 915, 927, 811, 62, 7.38%, 0, 5, 11, 998.62, 734224, 1402
723, 0, 915, 927, 811, 62, 7.38%, 0, 5, 11, 1029.89, 739492, 1402
728, 0, 925, 933, 816, 63, 7.38%, 0, 5, 11, 978.95, 744365, 1402
733, 0, 925, 936, 819, 63, 7.38%, 0, 5, 11, 957.35, 749193, 1402
738, 0, 925, 937, 820, 63, 7.38%, 0, 5, 11, 970.13, 754121, 1402
743, 0, 925, 940, 823, 63, 7.38%, 0, 5, 11, 963.20, 758987, 1402
748, 0, 925, 944, 827, 63, 7.38%, 0, 5, 11, 959.68, 763917, 1402
753, 0, 930, 944, 825, 66, 7.38%, 0, 5, 11, 999.87, 769010, 1402
758, 0, 804, 946, 826, 65, 7.38%, 0, 5, 11, 1064.29, 774398, 1403
764, 0, 743, 948, 825, 63, 7.38%, 0, 5, 11, 1081.51, 780025, 1403
769, 0, 900, 949, 823, 60, 7.38%, 0, 5, 11, 1072.52, 785504, 1403
774, 0, 947, 953, 825, 59, 7.38%, 0, 5, 11, 1061.52, 790838, 1403
779, 0, 947, 957, 829, 59, 7.40%, 0, 5, 11, 1054.76, 796179, 1407
784, 0, 947, 958, 830, 59, 7.40%, 0, 5, 11, 1050.27, 801599, 1407
789, 0, 947, 960, 832, 59, 7.42%, 0, 5, 11, 1059.17, 807015, 1410
794, 0, 947, 961, 833, 59, 7.43%, 0, 5, 11, 1048.37, 812420, 1412
799, 0, 947, 962, 834, 59, 7.43%, 0, 5, 11, 1027.30, 817588, 1412
804, 0, 947, 962, 834, 59, 7.43%, 0, 5, 11, 1044.72, 822852, 1412
810, 0, 945, 962, 831, 61, 7.43%, 0, 5, 11, 1055.39, 828177, 1412
815, 0, 765, 968, 836, 60, 7.44%, 0, 5, 11, 1002.91, 833399, 1414
820, 0, 765, 969, 837, 60, 7.44%, 0, 5, 11, 997.16, 838427, 1414
825, 0, 765, 970, 838, 60, 7.44%, 0, 5, 11, 974.48, 843260, 1414
830, 0, 765, 970, 838, 60, 7.44%, 0, 5, 11, 991.39, 848238, 1414
835, 0, 765, 971, 839, 60, 7.44%, 0, 5, 11, 987.61, 853223, 1414
840, 0, 765, 971, 839, 60, 7.44%, 0, 5, 11, 1006.52, 858280, 1414
845, 0, 765, 971, 839, 60, 7.44%, 0, 5, 11, 988.55, 863350, 1414
850, 0, 640, 972, 837, 58, 7.44%, 0, 5, 11, 1019.78, 868770, 1414
855, 0, 962, 974, 837, 57, 7.44%, 0, 5, 11, 1031.52, 874126, 1414
860, 0, 812, 974, 834, 54, 7.44%, 0, 5, 11, 1072.61, 879770, 1414
866, 0, 956, 976, 833, 52, 7.44%, 0, 5, 11, 1101.20, 885505, 1414
871, 0, 974, 979, 835, 51, 7.44%, 0, 5, 11, 1038.35, 890629, 1414
876, 0, 892, 979, 832, 48, 7.44%, 0, 5, 11, 1040.90, 896043, 1414
881, 0, 424, 980, 830, 46, 7.44%, 0, 5, 11, 1072.91, 901417, 1414
886, 0, 948, 982, 829, 44, 7.45%, 0, 5, 11, 1073.64, 906812, 1415
891, 0, 949, 984, 828, 43, 7.45%, 0, 5, 11, 1081.89, 912226, 1415
896, 0, 949, 987, 831, 43, 7.46%, 0, 5, 11, 1083.00, 917686, 1417
901, 0, 799, 988, 831, 44, 7.46%, 0, 5, 11, 1052.85, 923009, 1417
906, 0, 934, 991, 832, 42, 7.46%, 0, 5, 11, 1027.10, 928235, 1417
911, 0, 443, 993, 832, 40, 7.46%, 0, 5, 11, 1073.32, 933681, 1417
916, 0, 98, 994, 831, 38, 7.46%, 0, 5, 11, 1097.93, 939387, 1417
921, 0, 981, 996, 830, 36, 7.46%, 0, 5, 11, 1079.62, 944988, 1417
927, 0, 995, 998, 830, 35, 7.46%, 0, 5, 11, 1071.72, 950553, 1417
932, 0, 862, 999, 830, 35, 7.46%, 0, 5, 11, 1034.68, 955656, 1417
937, 0, 983, 1001, 829, 32, 7.46%, 0, 5, 11, 1039.85, 961013, 1417
942, 0, 586, 1003, 828, 32, 7.46%, 0, 5, 11, 1066.10, 966595, 1417
947, 0, 817, 1004, 827, 30, 7.46%, 0, 5, 11, 1079.69, 971984, 1417
952, 0, 1004, 1008, 829, 29, 7.46%, 0, 5, 11, 964.10, 976818, 1417
957, 0, 1004, 1009, 830, 29, 7.46%, 0, 5, 11, 907.44, 981313, 1417
962, 0, 1004, 1012, 833, 29, 7.46%, 0, 5, 11, 884.95, 985877, 1417
967, 0, 1004, 1012, 833, 29, 7.46%, 0, 5, 11, 895.75, 990535, 1417
973, 0, 1004, 1014, 835, 29, 7.46%, 0, 5, 11, 891.63, 995173, 1417
978, 0, 1004, 1014, 835, 29, 7.46%, 0, 5, 11, 898.64, 999848, 1417
983, 0, 1010, 1015, 835, 29, 7.46%, 0, 5, 12, 857.03, 1004171, 1417
988, 0, 959, 1018, 837, 28, 7.46%, 0, 5, 12, 1010.98, 1009366, 1417
993, 0, 888, 1018, 836, 29, 7.46%, 0, 6, 12, 1069.20, 1012837, 1417
998, 0, 911, 1019, 835, 27, 7.46%, 0, 6, 12, 977.01, 1017848, 1417
1003, 0, 936, 1020, 835, 26, 7.46%, 0, 6, 12, 969.85, 1022837, 1417
1008, 0, 936, 1023, 838, 26, 7.46%, 0, 6, 12, 1012.53, 1027834, 1417
1013, 0, 979, 1023, 838, 27, 7.46%, 0, 6, 12, 1050.67, 1033168, 1417
1018, 0, 1017, 1023, 836, 25, 7.46%, 0, 6, 12, 1033.64, 1038296, 1417
1023, 0, 909, 1024, 837, 25, 7.46%, 0, 6, 12, 1090.22, 1043989, 1417
1028, 0, 868, 1024, 835, 23, 7.46%, 0, 6, 12, 1030.46, 1049094, 1417
1034, 0, 780, 1024, 831, 19, 7.46%, 0, 6, 12, 1072.17, 1054695, 1417
1039, 0, 1000, 1026, 831, 18, 7.46%, 0, 6, 12, 1052.77, 1060128, 1417
1044, 0, 1016, 1033, 837, 17, 7.46%, 0, 6, 12, 1010.39, 1065184, 1417
1049, 0, 1016, 1039, 843, 17, 7.46%, 0, 6, 12, 989.99, 1070109, 1418
1054, 0, 1016, 1042, 846, 17, 7.46%, 0, 6, 12, 997.81, 1075089, 1418
1059, 0, 1016, 1042, 846, 17, 7.46%, 0, 6, 12, 981.98, 1080010, 1418
1064, 0, 1016, 1047, 851, 17, 7.46%, 0, 6, 12, 993.97, 1085004, 1418
1069, 0, 846, 1048, 850, 23, 7.46%, 0, 6, 12, 1039.99, 1090295, 1418
1074, 0, 1038, 1049, 851, 23, 7.46%, 0, 6, 12, 1043.04, 1095602, 1418
1079, 0, 1035, 1054, 855, 22, 7.46%, 0, 6, 12, 1014.97, 1100716, 1418
1084, 0, 1035, 1061, 862, 22, 7.46%, 0, 6, 12, 1015.98, 1105794, 1418
1089, 0, 1035, 1065, 866, 22, 7.46%, 0, 6, 12, 1009.80, 1110933, 1418
1094, 0, 1035, 1065, 866, 22, 7.46%, 0, 6, 12, 1014.04, 1116113, 1418
1099, 0, 1035, 1067, 868, 22, 7.46%, 0, 6, 12, 1019.01, 1121267, 1418
1104, 0, 874, 1067, 867, 28, 7.46%, 0, 6, 12, 1076.10, 1126768, 1418
1109, 0, 874, 1067, 867, 28, 7.46%, 0, 6, 12, 1107.44, 1132612, 1418
1114, 0, 1065, 1067, 866, 27, 7.46%, 0, 6, 12, 1070.25, 1137913, 1418
1119, 0, 1057, 1069, 865, 25, 7.47%, 0, 6, 12, 1036.56, 1143159, 1419
1124, 0, 1058, 1072, 867, 24, 7.48%, 0, 6, 12, 1030.61, 1148371, 1421
1130, 0, 1058, 1072, 867, 24, 7.48%, 0, 6, 12, 1029.54, 1152707, 1421
1135, 0, 1072, 1074, 867, 25, 7.48%, 0, 6, 13, 1035.84, 1157877, 1421
1140, 0, 1051, 1076, 867, 23, 7.49%, 0, 6, 13, 1041.35, 1163144, 1424
1145, 0, 1051, 1078, 869, 23, 7.49%, 0, 6, 13, 1016.94, 1168238, 1424
1150, 0, 1051, 1079, 870, 23, 7.50%, 0, 6, 13, 1026.19, 1173445, 1425
1155, 0, 1051, 1081, 872, 23, 7.50%, 0, 6, 13, 1020.43, 1178579, 1425
1160, 0, 1051, 1083, 874, 23, 7.50%, 0, 6, 13, 1029.82, 1183853, 1425
1165, 0, 1080, 1083, 873, 27, 7.50%, 0, 6, 13, 1022.11, 1188924, 1425
1170, 0, 1083, 1086, 875, 27, 7.50%, 0, 6, 14, 1026.56, 1194132, 1425
1175, 0, 1083, 1094, 883, 27, 7.50%, 0, 6, 14, 969.74, 1198976, 1425
1180, 0, 1083, 1100, 889, 27, 7.50%, 0, 6, 14, 978.21, 1203920, 1425
1185, 0, 1083, 1106, 895, 27, 7.50%, 0, 6, 14, 965.74, 1208769, 1425
1190, 0, 1083, 1109, 898, 27, 7.50%, 0, 6, 14, 965.06, 1213635, 1425
1195, 0, 1083, 1109, 898, 27, 7.50%, 0, 6, 14, 961.15, 1218511, 1425
1200, 0, 1099, 1115, 903, 32, 7.50%, 0, 6, 15, 984.49, 1223529, 1425
1206, 0, 1099, 1118, 906, 32, 7.50%, 0, 6, 15, 966.91, 1228414, 1425
1211, 0, 1099, 1119, 907, 32, 7.50%, 0, 6, 15, 976.13, 1233380, 1425
1216, 0, 1099, 1120, 908, 32, 7.50%, 0, 6, 15, 958.48, 1238232, 1426
1221, 0, 1099, 1121, 909, 32, 7.50%, 0, 6, 15, 979.12, 1243217, 1426
1226, 0, 1099, 1123, 911, 32, 7.50%, 0, 6, 15, 968.23, 1248114, 1426
1231, 0, 1099, 1124, 912, 32, 7.50%, 0, 6, 15, 982.00, 1253096, 1426
1236, 0, 1001, 1125, 912, 37, 7.50%, 0, 6, 15, 1049.55, 1258561, 1426
1241, 0, 1001, 1125, 912, 37, 7.50%, 0, 6, 15, 1090.04, 1264223, 1426
1246, 0, 1098, 1127, 912, 36, 7.50%, 0, 6, 15, 1042.41, 1269713, 1426
1251, 0, 1106, 1127, 911, 35, 7.50%, 0, 6, 15, 1039.38, 1274930, 1426
1256, 0, 1119, 1130, 911, 32, 7.50%, 0, 6, 16, 980.56, 1280159, 1426
1262, 0, 1119, 1131, 912, 32, 7.50%, 0, 6, 16, 957.70, 1284897, 1426
1267, 0, 1119, 1131, 912, 32, 7.50%, 0, 6, 16, 949.69, 1289761, 1426
1272, 0, 1119, 1133, 914, 32, 7.53%, 0, 6, 16, 974.21, 1294677, 1430
1277, 0, 1119, 1135, 916, 32, 7.53%, 0, 6, 16, 978.02, 1299612, 1431
1282, 0, 1119, 1136, 917, 32, 7.53%, 0, 6, 16, 968.99, 1304483, 1431
1287, 0, 1119, 1139, 920, 32, 7.54%, 0, 6, 16, 978.13, 1309444, 1432
1292, 0, 932, 1141, 921, 35, 7.54%, 0, 6, 16, 977.71, 1314320, 1432
1297, 0, 1075, 1143, 922, 34, 7.54%, 0, 6, 16, 987.91, 1319362, 1432
1302, 0, 687, 1145, 922, 34, 7.54%, 0, 6, 16, 1018.57, 1324726, 1432
1307, 0, 1121, 1150, 926, 34, 7.56%, 0, 6, 16, 978.55, 1329652, 1436
1312, 0, 1121, 1152, 928, 34, 7.57%, 0, 6, 16, 946.46, 1334491, 1438
1317, 0, 1121, 1154, 930, 34, 7.57%, 0, 6, 16, 943.92, 1339239, 1438
1323, 0, 1121, 1155, 931, 34, 7.57%, 0, 6, 16, 943.38, 1344088, 1438
1328, 0, 1121, 1156, 932, 34, 7.58%, 0, 6, 16, 946.98, 1349027, 1440
1333, 0, 1121, 1158, 934, 34, 7.58%, 0, 6, 16, 944.22, 1353919, 1440
1338, 0, 1121, 1160, 936, 34, 7.58%, 0, 6, 16, 935.77, 1358595, 1440
1343, 0, 1057, 1160, 935, 39, 7.58%, 0, 6, 16, 1007.35, 1363859, 1440
1348, 0, 1155, 1164, 939, 39, 7.58%, 0, 6, 17, 994.29, 1369010, 1440
1353, 0, 1155, 1169, 944, 39, 7.58%, 0, 6, 17, 949.32, 1373856, 1440
1358, 0, 1155, 1170, 945, 39, 7.58%, 0, 6, 17, 946.29, 1378561, 1440
1364, 0, 1155, 1170, 945, 39, 7.58%, 0, 6, 17, 917.41, 1383259, 1440
1369, 0, 1155, 1173, 948, 39, 7.58%, 0, 6, 17, 919.60, 1387888, 1440
1374, 0, 1155, 1174, 949, 39, 7.58%, 0, 6, 17, 901.32, 1392436, 1440
1379, 0, 1155, 1175, 950, 39, 7.58%, 0, 6, 17, 905.90, 1397100, 1440
1384, 0, 1067, 1176, 950, 44, 7.59%, 0, 6, 17, 977.89, 1401996, 1443
1389, 0, 1167, 1177, 950, 43, 7.59%, 0, 6, 18, 1013.10, 1407229, 1443
1394, 0, 1123, 1177, 948, 42, 7.59%, 0, 6, 18, 1005.94, 1412324, 1443
1399, 0, 1082, 1177, 946, 40, 7.59%, 0, 6, 18, 1027.60, 1417529, 1443
1404, 0, 1152, 1178, 946, 39, 7.59%, 0, 6, 18, 993.98, 1422565, 1443
1409, 0, 1151, 1179, 946, 39, 7.59%, 0, 6, 18, 1024.04, 1427685, 1443
1414, 0, 1175, 1183, 949, 39, 7.65%, 0, 6, 18, 965.04, 1432474, 1454
1419, 0, 1175, 1187, 953, 39, 7.67%, 0, 6, 18, 951.26, 1437366, 1457
1424, 0, 1175, 1190, 956, 39, 7.67%, 0, 6, 18, 950.56, 1442165, 1457
1429, 0, 1175, 1191, 957, 39, 7.68%, 0, 6, 18, 945.57, 1446852, 1460
1434, 0, 1175, 1192, 958, 39, 7.68%, 0, 6, 18, 956.93, 1451632, 1460
1440, 0, 1175, 1193, 959, 39, 7.68%, 0, 6, 18, 921.76, 1456352, 1460
1445, 0, 1175, 1193, 959, 39, 7.68%, 0, 6, 18, 934.55, 1460996, 1460
1450, 0, 1182, 1193, 957, 40, 7.68%, 0, 6, 18, 1027.92, 1466408, 1460
1455, 0, 1165, 1193, 956, 39, 7.68%, 0, 6, 18, 1039.80, 1471624, 1460
1460, 0, 1133, 1194, 955, 37, 7.68%, 0, 6, 18, 1027.75, 1476770, 1460
1465, 0, 1190, 1195, 954, 35, 7.68%, 0, 6, 19, 1040.15, 1482097, 1460
1470, 0, 1085, 1196, 954, 35, 7.69%, 0, 6, 19, 995.76, 1487049, 1461
1475, 0, 1194, 1196, 953, 35, 7.69%, 0, 6, 19, 1051.97, 1492518, 1461
1480, 0, 1115, 1198, 953, 33, 7.69%, 0, 6, 19, 1004.49, 1497527, 1462
1485, 0, 1115, 1199, 954, 33, 7.69%, 0, 6, 19, 972.19, 1502449, 1462
1490, 0, 907, 1199, 953, 34, 7.69%, 0, 6, 19, 1060.62, 1507766, 1462
1495, 0, 1077, 1199, 951, 33, 7.69%, 0, 6, 19, 1058.99, 1513024, 1462
1500, 0, 874, 1199, 949, 31, 7.69%, 0, 6, 19, 1060.13, 1518330, 1462
1505, 0, 874, 1199, 949, 31, 7.69%, 0, 6, 19, 1097.26, 1523773, 1462
1510, 0, 1124, 1199, 949, 31, 7.69%, 0, 6, 19, 1090.30, 1529289, 1462
1515, 0, 1036, 1199, 948, 30, 7.69%, 0, 6, 19, 1055.64, 1534525, 1462
1520, 0, 1181, 1203, 951, 29, 7.70%, 0, 6, 19, 975.01, 1539395, 1463
1526, 0, 1181, 1207, 955, 29, 7.72%, 0, 6, 19, 961.69, 1544268, 1467
1531, 0, 1181, 1208, 956, 29, 7.74%, 0, 6, 19, 939.91, 1549081, 1470
1536, 0, 1181, 1209, 957, 29, 7.74%, 0, 6, 19, 956.23, 1553896, 1470
1541, 0, 1181, 1209, 957, 29, 7.74%, 0, 6, 19, 946.33, 1558808, 1470
1546, 0, 1181, 1211, 959, 29, 7.74%, 0, 6, 19, 960.61, 1563638, 1471
1551, 0, 1181, 1212, 960, 29, 7.74%, 0, 6, 19, 967.90, 1568597, 1471
1556, 0, 1205, 1216, 963, 34, 7.75%, 0, 6, 20, 973.69, 1573587, 1473
1561, 0, 1205, 1217, 964, 34, 7.75%, 0, 6, 20, 947.75, 1578485, 1473
1566, 0, 1205, 1218, 965, 34, 7.84%, 0, 6, 20, 954.48, 1583348, 1490
1571, 0, 1205, 1219, 966, 34, 7.84%, 0, 6, 20, 952.08, 1588143, 1490
1577, 0, 1205, 1219, 966, 34, 7.84%, 0, 6, 20, 961.98, 1592950, 1490
1582, 0, 1205, 1219, 966, 34, 7.84%, 0, 6, 20, 955.80, 1597871, 1490
1587, 0, 1205, 1219, 966, 34, 7.84%, 0, 6, 20, 949.64, 1602773, 1490
1592, 0, 1141, 1219, 965, 36, 7.84%, 0, 6, 20, 1047.51, 1608138, 1490
1597, 0, 1211, 1219, 964, 35, 7.84%, 0, 6, 20, 1041.95, 1613489, 1490
1602, 0, 1217, 1220, 964, 34, 7.84%, 0, 6, 21, 1007.70, 1618703, 1490
1607, 0, 1195, 1223, 966, 34, 7.84%, 0, 6, 21, 988.68, 1623712, 1490
1612, 0, 1195, 1223, 966, 34, 7.84%, 0, 6, 21, 981.07, 1628709, 1490
1617, 0, 1101, 1223, 964, 33, 7.84%, 0, 6, 21, 1007.93, 1633940, 1490
1622, 0, 1176, 1224, 964, 32, 7.84%, 0, 6, 21, 998.61, 1639185, 1490
1628, 0, 1219, 1224, 962, 31, 7.84%, 0, 6, 21, 997.67, 1644401, 1490
1633, 0, 1146, 1224, 960, 29, 7.84%, 0, 6, 21, 1065.84, 1649808, 1490
1638, 0, 1146, 1232, 968, 29, 7.86%, 0, 6, 21, 952.14, 1654600, 1494
1643, 0, 1146, 1235, 971, 29, 7.87%, 0, 6, 21, 939.09, 1659499, 1495
1648, 0, 1146, 1237, 973, 29, 7.87%, 0, 6, 21, 942.21, 1664373, 1495
1654, 0, 1146, 1237, 973, 29, 7.87%, 0, 6, 21, 953.91, 1669347, 1495
1659, 0, 1146, 1238, 974, 29, 7.87%, 0, 6, 21, 942.80, 1674100, 1495
1664, 0, 1146, 1238, 974, 29, 7.87%, 0, 6, 21, 946.06, 1678852, 1495
1669, 0, 1146, 1239, 975, 29, 7.87%, 0, 6, 21, 971.98, 1683816, 1495
1674, 0, 1218, 1241, 976, 34, 7.87%, 0, 6, 21, 934.44, 1688522, 1495
1679, 0, 1218, 1245, 980, 34, 7.87%, 0, 6, 21, 910.04, 1693086, 1495
1684, 0, 1218, 1246, 981, 34, 7.88%, 0, 6, 21, 911.09, 1697683, 1498
1689, 0, 1218, 1247, 982, 34, 7.88%, 0, 6, 21, 896.26, 1702143, 1498
1694, 0, 1218, 1247, 982, 34, 7.88%, 0, 6, 21, 909.60, 1706744, 1498
1699, 0, 1218, 1248, 983, 34, 7.88%, 0, 6, 21, 888.93, 1711279, 1498
1704, 0, 1218, 1248, 983, 34, 7.88%, 0, 6, 21, 902.83, 1715931, 1498
1709, 0, 1208, 1250, 984, 36, 7.89%, 0, 6, 21, 959.87, 1720828, 1499
1714, 0, 1208, 1252, 986, 36, 7.89%, 0, 6, 21, 921.80, 1725377, 1500
1719, 0, 1208, 1252, 986, 36, 7.89%, 0, 6, 21, 950.37, 1730049, 1500
1724, 0, 1177, 1253, 985, 36, 7.89%, 0, 6, 21, 986.73, 1734949, 1500
1729, 0, 1111, 1253, 984, 35, 7.89%, 0, 6, 21, 1002.38, 1739932, 1500
1734, 0, 1196, 1256, 986, 34, 7.89%, 0, 6, 21, 974.22, 1744877, 1500
1739, 0, 1196, 1259, 989, 34, 7.90%, 0, 6, 21, 977.06, 1749838, 1502
1744, 0, 1196, 1259, 989, 34, 7.90%, 0, 6, 21, 948.48, 1754513, 1502
1750, 0, 1196, 1260, 990, 34, 7.91%, 0, 6, 21, 948.77, 1759398, 1503
1755, 0, 1196, 1260, 990, 34, 7.91%, 0, 6, 21, 949.02, 1764294, 1503
1760, 0, 1196, 1262, 992, 34, 7.91%, 0, 6, 21, 965.34, 1769182, 1503
1765, 0, 1196, 1263, 993, 34, 7.91%, 0, 6, 21, 963.81, 1774008, 1504
1770, 0, 1231, 1264, 992, 36, 7.91%, 0, 6, 21, 1038.94, 1779331, 1504
1775, 0, 1245, 1270, 997, 35, 7.93%, 0, 6, 22, 963.22, 1784175, 1507
1780, 0, 1245, 1274, 1001, 35, 7.95%, 0, 6, 22, 913.14, 1788702, 1510
1785, 0, 1245, 1276, 1003, 35, 7.96%, 0, 6, 22, 911.44, 1793288, 1513
1790, 0, 1245, 1278, 1005, 35, 7.96%, 0, 6, 22, 914.39, 1797946, 1513
1795, 0, 1245, 1279, 1006, 35, 7.98%, 0, 6, 22, 904.65, 1802507, 1517
1800, 0, 1245, 1282, 1009, 35, 7.99%, 0, 6, 22, 916.62, 1807226, 1518
1805, 0, 1245, 1284, 1011, 35, 8.03%, 0, 6, 22, 912.53, 1811902, 1525
1810, 0, 1245, 1286, 1013, 35, 8.05%, 0, 6, 22, 962.32, 1816730, 1529
1815, 0, 1284, 1292, 1017, 41, 8.06%, 0, 6, 23, 969.86, 1821753, 1532
1821, 0, 1284, 1295, 1020, 41, 8.08%, 0, 6, 23, 934.64, 1826408, 1535
1826, 0, 1284, 1302, 1027, 41, 8.11%, 0, 6, 23, 903.14, 1830975, 1541
1831, 0, 1284, 1302, 1027, 41, 8.11%, 0, 6, 23, 921.24, 1835619, 1541
1836, 0, 1284, 1303, 1028, 41, 8.12%, 0, 6, 23, 910.11, 1840360, 1543
1841, 0, 1284, 1305, 1030, 41, 8.13%, 0, 6, 23, 915.05, 1844982, 1545
1846, 0, 1284, 1307, 1032, 41, 8.13%, 0, 6, 23, 924.08, 1849658, 1545
1851, 0, 1284, 1307, 1032, 41, 8.13%, 0, 6, 23, 936.37, 1854442, 1545
1856, 0, 1302, 1315, 1039, 47, 8.20%, 0, 6, 24, 928.57, 1859193, 1558
1861, 0, 1302, 1318, 1042, 47, 8.21%, 0, 6, 24, 911.09, 1863750, 1560
1866, 0, 1302, 1321, 1045, 47, 8.21%, 0, 6, 24, 907.71, 1868343, 1560
1871, 0, 1302, 1323, 1047, 47, 8.21%, 0, 6, 24, 895.42, 1872805, 1560
1876, 0, 1302, 1324, 1048, 47, 8.21%, 1, 6, 24, 903.92, 1876987, 1560
1881, 0, 1302, 1326, 1050, 47, 8.21%, 1, 6, 24, 904.88, 1881483, 1560
1887, 0, 1302, 1328, 1052, 47, 8.21%, 1, 6, 24, 888.73, 1886084, 1560
1892, 0, 1001, 1330, 1053, 48, 8.21%, 1, 6, 24, 980.60, 1891072, 1560
1897, 0, 1001, 1330, 1053, 48, 8.21%, 1, 6, 24, 1060.28, 1896700, 1560
1902, 0, 1297, 1332, 1055, 48, 8.21%, 1, 6, 24, 960.38, 1901305, 1560
1907, 0, 1311, 1333, 1055, 48, 8.21%, 1, 6, 25, 988.56, 1906444, 1560
1912, 0, 1329, 1333, 1052, 45, 8.21%, 1, 6, 25, 1035.29, 1911801, 1560
1917, 0, 1191, 1333, 1051, 44, 8.21%, 1, 6, 25, 1028.00, 1916923, 1560
1923, 0, 962, 1333, 1049, 42, 8.21%, 1, 6, 25, 1032.06, 1922150, 1560
1928, 0, 962, 1334, 1050, 42, 8.21%, 1, 6, 25, 1062.66, 1927448, 1560
1933, 0, 1049, 1334, 1049, 41, 8.21%, 1, 6, 25, 1033.42, 1932754, 1560
1938, 0, 1310, 1338, 1051, 39, 8.24%, 1, 6, 25, 998.83, 1937813, 1565
1943, 0, 1310, 1341, 1054, 39, 8.24%, 1, 6, 25, 905.06, 1942274, 1566
1948, 0, 1310, 1342, 1055, 39, 8.24%, 1, 6, 25, 907.72, 1946853, 1566
1953, 0, 1310, 1343, 1056, 39, 8.24%, 1, 6, 25, 879.30, 1951385, 1566
1958, 0, 1310, 1343, 1056, 39, 8.24%, 1, 6, 25, 894.03, 1956060, 1566
1963, 0, 1310, 1346, 1059, 39, 8.25%, 1, 6, 25, 870.06, 1960433, 1568
1968, 0, 1310, 1347, 1060, 39, 8.25%, 1, 6, 25, 895.18, 1965132, 1568
1973, 0, 1310, 1348, 1061, 39, 8.25%, 1, 6, 25, 878.72, 1969576, 1568
1978, 0, 1347, 1348, 1060, 43, 8.25%, 1, 6, 25, 1001.08, 1974741, 1568
1984, 0, 1300, 1355, 1065, 41, 8.27%, 1, 6, 25, 977.26, 1979752, 1572
1989, 0, 1300, 1356, 1066, 41, 8.27%, 1, 6, 25, 932.31, 1984378, 1572
1994, 0, 1300, 1358, 1068, 41, 8.27%, 1, 6, 25, 898.09, 1988856, 1572
1999, 0, 1300, 1358, 1068, 41, 8.27%, 1, 6, 25, 912.49, 1993446, 1572
2004, 0, 1300, 1359, 1069, 41, 8.27%, 1, 6, 25, 929.89, 1998151, 1572
2009, 0, 1300, 1360, 1070, 41, 8.27%, 1, 6, 25, 910.78, 2002730, 1572
2014, 0, 1300, 1360, 1070, 41, 8.27%, 1, 6, 25, 912.98, 2007284, 1572
2019, 0, 1300, 1360, 1070, 41, 8.27%, 1, 6, 25, 925.75, 2011920, 1572
2024, 0, 1280, 1361, 1070, 43, 8.27%, 1, 6, 25, 997.20, 2017010, 1572
2029, 0, 1019, 1363, 1070, 43, 8.27%, 1, 6, 25, 967.03, 2021878, 1572
2034, 0, 1019, 1363, 1070, 43, 8.27%, 1, 6, 25, 940.35, 2026747, 1572
2039, 0, 1019, 1366, 1073, 43, 8.27%, 1, 6, 25, 935.65, 2031448, 1572
2044, 0, 1019, 1367, 1074, 43, 8.27%, 1, 6, 25, 942.72, 2036171, 1572
2049, 0, 1019, 1368, 1075, 43, 8.27%, 1, 6, 25, 969.57, 2040955, 1572
2054, 0, 1261, 1368, 1075, 44, 8.27%, 1, 6, 25, 1016.46, 2046309, 1572
2059, 0, 1357, 1371, 1077, 43, 8.27%, 1, 6, 25, 953.06, 2051134, 1572
2064, 0, 1357, 1372, 1078, 43, 8.27%, 1, 6, 25, 918.93, 2055728, 1572
2069, 0, 1357, 1372, 1078, 43, 8.27%, 1, 6, 25, 900.86, 2060336, 1572
2074, 0, 1357, 1372, 1078, 43, 8.27%, 1, 6, 25, 911.53, 2064944, 1572
2079, 0, 1283, 1374, 1078, 42, 8.27%, 1, 6, 25, 953.81, 2069902, 1572
2084, 0, 1283, 1375, 1079, 42, 8.27%, 1, 6, 25, 915.68, 2074472, 1572
2089, 0, 1283, 1375, 1079, 42, 8.27%, 1, 6, 25, 952.63, 2079172, 1572
2095, 0, 1298, 1377, 1080, 42, 8.27%, 1, 6, 25, 960.57, 2084103, 1572
2100, 0, 1360, 1377, 1079, 42, 8.27%, 1, 6, 25, 1002.85, 2089487, 1572
2105, 0, 1106, 1377, 1077, 40, 8.27%, 1, 6, 25, 1017.27, 2094694, 1572
2110, 0, 1106, 1380, 1080, 40, 8.27%, 1, 6, 25, 977.44, 2099610, 1572
2115, 0, 1106, 1380, 1080, 40, 8.27%, 1, 6, 25, 972.83, 2104512, 1572
2120, 0, 1106, 1381, 1081, 40, 8.27%, 1, 6, 25, 970.64, 2109440, 1572
2125, 0, 1106, 1381, 1081, 40, 8.27%, 1, 6, 25, 1050.81, 2114870, 1572
2130, 0, 1106, 1381, 1081, 40, 8.27%, 1, 6, 25, 1087.83, 2120605, 1572
2135, 0, 1282, 1383, 1082, 43, 8.27%, 1, 6, 25, 1010.74, 2125510, 1572
2140, 0, 1124, 1383, 1081, 43, 8.27%, 1, 6, 25, 998.34, 2130503, 1572
2145, 0, 1378, 1383, 1080, 42, 8.27%, 1, 6, 25, 1007.77, 2135500, 1572
2150, 0, 1380, 1383, 1078, 40, 8.27%, 1, 6, 25, 1055.10, 2140908, 1572
2155, 0, 1382, 1386, 1080, 39, 8.27%, 1, 6, 25, 977.25, 2145799, 1572
2160, 0, 1382, 1387, 1081, 39, 8.28%, 1, 6, 25, 916.35, 2150382, 1573
2166, 0, 1382, 1388, 1082, 39, 8.28%, 1, 6, 25, 912.37, 2154979, 1573
2171, 0, 1382, 1388, 1082, 39, 8.28%, 1, 6, 25, 919.01, 2159605, 1573
2176, 0, 1382, 1389, 1083, 39, 8.28%, 1, 6, 25, 885.69, 2164110, 1573
2181, 0, 1382, 1390, 1084, 39, 8.28%, 1, 6, 25, 913.29, 2168799, 1573
2186, 0, 1382, 1390, 1084, 39, 8.28%, 1, 6, 25, 920.79, 2173407, 1573
2191, 0, 1382, 1390, 1084, 39, 8.28%, 1, 6, 25, 959.77, 2178057, 1573
2196, 0, 1172, 1391, 1083, 40, 8.28%, 1, 6, 25, 1021.31, 2183180, 1573
2201, 0, 1269, 1391, 1081, 38, 8.28%, 1, 6, 25, 1013.80, 2188269, 1573
2206, 0, 1269, 1393, 1083, 38, 8.28%, 1, 6, 25, 974.42, 2193003, 1573
2211, 0, 1304, 1396, 1084, 38, 8.28%, 1, 6, 25, 984.61, 2198118, 1574
2216, 0, 1304, 1399, 1087, 38, 8.29%, 1, 6, 25, 910.49, 2202620, 1575
2221, 0, 1304, 1400, 1088, 38, 8.29%, 1, 6, 25, 911.45, 2207181, 1575
2226, 0, 1304, 1402, 1090, 38, 8.29%, 1, 6, 25, 898.58, 2211713, 1576
2231, 0, 1304, 1403, 1091, 38, 8.29%, 1, 6, 25, 911.88, 2216382, 1576
2236, 0, 1304, 1403, 1091, 38, 8.29%, 1, 6, 25, 912.64, 2221062, 1576
2241, 0, 1304, 1403, 1091, 38, 8.29%, 1, 6, 25, 903.05, 2225526, 1576
2246, 0, 1304, 1403, 1091, 38, 8.29%, 1, 6, 25, 890.39, 2230063, 1576
2251, 0, 1237, 1403, 1090, 40, 8.29%, 1, 6, 25, 987.79, 2235106, 1576
2256, 0, 1358, 1405, 1091, 39, 8.29%, 1, 6, 25, 984.32, 2240100, 1576
2262, 0, 1391, 1407, 1092, 39, 8.30%, 1, 6, 25, 915.33, 2244886, 1577
2267, 0, 1258, 1409, 1093, 41, 8.30%, 1, 6, 25, 940.74, 2249657, 1577
2272, 0, 1356, 1409, 1092, 41, 8.30%, 1, 6, 25, 1000.25, 2254715, 1577
2277, 0, 1303, 1410, 1092, 40, 8.30%, 1, 6, 25, 1026.93, 2259842, 1577
2282, 0, 1259, 1412, 1092, 39, 8.30%, 1, 6, 25, 987.26, 2264885, 1577
2287, 0, 1259, 1413, 1093, 39, 8.30%, 1, 6, 25, 969.04, 2269813, 1577
2292, 0, 1411, 1413, 1092, 39, 8.30%, 1, 6, 25, 1004.24, 2274912, 1577
2297, 0, 1401, 1416, 1094, 38, 8.30%, 1, 6, 25, 987.68, 2279929, 1577
2302, 0, 1401, 1417, 1095, 38, 8.30%, 1, 6, 25, 973.21, 2284800, 1578
2307, 0, 1401, 1418, 1096, 38, 8.30%, 1, 6, 25, 980.09, 2289785, 1578
2312, 0, 1401, 1418, 1096, 38, 8.30%, 1, 6, 25, 965.10, 2294630, 1578
2317, 0, 1401, 1418, 1096, 38, 8.30%, 1, 6, 25, 966.67, 2299551, 1578
2322, 0, 1401, 1418, 1096, 38, 8.30%, 1, 6, 25, 958.82, 2304377, 1578
2327, 0, 1401, 1418, 1096, 38, 8.30%, 1, 6, 25, 959.52, 2309279, 1578
2333, 0, 1409, 1418, 1095, 41, 8.30%, 1, 6, 25, 1015.66, 2314543, 1578
2338, 0, 1239, 1418, 1094, 40, 8.30%, 1, 6, 25, 1005.42, 2319764, 1578
2343, 0, 1404, 1418, 1093, 39, 8.30%, 1, 6, 25, 1036.31, 2324987, 1578
2348, 0, 1200, 1419, 1092, 37, 8.30%, 1, 6, 26, 995.43, 2329798, 1578
2353, 0, 1096, 1419, 1091, 36, 8.30%, 1, 6, 26, 1019.62, 2334941, 1578
2358, 0, 1165, 1420, 1090, 35, 8.30%, 1, 6, 26, 1047.68, 2340182, 1578
2363, 0, 1165, 1420, 1090, 35, 8.30%, 1, 6, 26, 1032.43, 2345267, 1578
2368, 0, 1370, 1420, 1090, 35, 8.30%, 1, 6, 26, 1061.63, 2350911, 1578
2373, 0, 1419, 1420, 1089, 34, 8.30%, 1, 6, 26, 1082.16, 2356357, 1578
2378, 0, 1227, 1421, 1087, 32, 8.30%, 1, 6, 26, 1062.78, 2361959, 1578
2383, 0, 1227, 1423, 1089, 32, 8.30%, 1, 6, 26, 992.16, 2366789, 1578
2388, 0, 1250, 1425, 1090, 32, 8.30%, 1, 6, 26, 967.45, 2371665, 1578
2393, 0, 1344, 1427, 1091, 31, 8.30%, 1, 6, 26, 937.68, 2376456, 1578
2398, 0, 1344, 1428, 1092, 31, 8.30%, 1, 6, 26, 903.58, 2380873, 1578
2403, 0, 1413, 1428, 1091, 31, 8.30%, 1, 6, 26, 997.07, 2385932, 1578
2408, 0, 1328, 1430, 1092, 30, 8.30%, 1, 6, 26, 995.22, 2390971, 1578
2413, 0, 1136, 1431, 1092, 30, 8.30%, 1, 6, 26, 985.91, 2396026, 1578
2418, 0, 1421, 1432, 1092, 30, 8.30%, 1, 6, 26, 1046.14, 2401299, 1578
2423, 0, 1427, 1437, 1096, 29, 8.30%, 1, 6, 27, 942.02, 2405904, 1578
2428, 0, 1427, 1439, 1098, 29, 8.30%, 1, 6, 27, 925.62, 2410472, 1578
2433, 0, 1427, 1440, 1099, 29, 8.30%, 1, 6, 27, 929.31, 2415159, 1578
2439, 0, 1427, 1443, 1102, 29, 8.31%, 1, 6, 27, 914.18, 2419752, 1579
2444, 0, 132, 1443, 1101, 30, 8.31%, 1, 6, 27, 1016.10, 2424822, 1579
2449, 0, 1230, 1446, 1103, 30, 8.31%, 1, 6, 27, 978.50, 2429954, 1579
2454, 0, 1230, 1446, 1103, 30, 8.31%, 1, 6, 27, 949.77, 2434761, 1579
2459, 0, 1067, 1446, 1102, 29, 8.31%, 1, 6, 27, 1019.97, 2439896, 1579
2464, 0, 1255, 1446, 1102, 29, 8.31%, 1, 6, 27, 1023.43, 2445068, 1579
2469, 0, 1428, 1447, 1102, 28, 8.31%, 1, 6, 27, 1023.06, 2450177, 1579
2474, 0, 1085, 1447, 1101, 27, 8.31%, 1, 6, 27, 1035.02, 2455397, 1579
2479, 0, 1321, 1447, 1101, 27, 8.31%, 1, 6, 27, 1038.48, 2460712, 1579
2484, 0, 1233, 1448, 1100, 25, 8.31%, 1, 6, 27, 1005.32, 2465829, 1579
2489, 0, 1379, 1449, 1100, 25, 8.31%, 1, 6, 27, 992.83, 2471041, 1579
2494, 0, 1441, 1451, 1101, 25, 8.31%, 1, 6, 28, 974.89, 2475974, 1579
2499, 0, 1441, 1452, 1102, 25, 8.31%, 1, 6, 28, 931.45, 2480729, 1579
2505, 0, 1262, 1453, 1102, 25, 8.31%, 1, 6, 28, 992.60, 2485953, 1579
2510, 0, 1448, 1453, 1101, 25, 8.31%, 1, 6, 28, 991.27, 2490869, 1579
2515, 0, 1375, 1453, 1099, 23, 8.31%, 1, 6, 28, 1001.37, 2496003, 1579
2520, 0, 511, 1453, 1097, 21, 8.31%, 1, 6, 28, 1063.21, 2501440, 1579
2525, 0, 1433, 1454, 1096, 20, 8.31%, 1, 6, 28, 974.38, 2506284, 1579
2530, 0, 1447, 1454, 1095, 19, 8.31%, 1, 6, 28, 1046.31, 2511524, 1579
2535, 0, 742, 1455, 1095, 18, 8.31%, 1, 6, 28, 1050.75, 2516853, 1579
2540, 0, 742, 1455, 1095, 18, 8.31%, 1, 6, 28, 1096.35, 2522544, 1579
2545, 0, 1392, 1456, 1095, 18, 8.31%, 1, 6, 28, 1025.91, 2527677, 1579
2550, 0, 1406, 1458, 1096, 17, 8.31%, 1, 6, 28, 979.24, 2532778, 1579
2555, 0, 1406, 1459, 1097, 17, 8.31%, 1, 6, 28, 956.43, 2537573, 1579
2560, 0, 1393, 1459, 1096, 17, 8.31%, 1, 6, 28, 992.34, 2542828, 1579
2566, 0, 1400, 1460, 1096, 16, 8.31%, 1, 6, 28, 1016.94, 2547951, 1579
2571, 0, 1415, 1460, 1094, 14, 8.31%, 1, 6, 28, 1010.64, 2553061, 1579
2576, 0, 1389, 1460, 1093, 13, 8.31%, 1, 6, 28, 1043.66, 2558295, 1579
2581, 0, 1363, 1460, 1092, 12, 8.31%, 1, 6, 28, 1045.63, 2563617, 1579
2586, 0, 874, 1460, 1092, 12, 8.31%, 1, 6, 28, 1075.28, 2569068, 1579
2591, 0, 874, 1460, 1092, 12, 8.31%, 1, 6, 28, 1084.69, 2574553, 1579
2596, 0, 1139, 1460, 1092, 12, 8.31%, 1, 6, 28, 1059.24, 2579950, 1579
2601, 0, 1435, 1460, 1091, 11, 8.31%, 1, 6, 28, 1069.98, 2585277, 1579
2606, 0, 1448, 1460, 1089, 9, 8.31%, 1, 6, 28, 1045.56, 2590607, 1579
2611, 0, 1448, 1462, 1091, 9, 8.31%, 1, 6, 28, 1013.15, 2595741, 1580
2616, 0, 1448, 1462, 1091, 9, 8.31%, 1, 6, 28, 994.88, 2600776, 1580
2622, 0, 1448, 1463, 1092, 9, 8.32%, 1, 6, 28, 991.16, 2605875, 1581
2627, 0, 1448, 1463, 1092, 9, 8.32%, 1, 6, 28, 1022.49, 2611140, 1581
2632, 0, 1448, 1463, 1092, 9, 8.32%, 1, 6, 28, 1091.02, 2616921, 1581
2637, 0, 1462, 1464, 1093, 12, 8.32%, 1, 6, 28, 1048.61, 2622100, 1581
2642, 0, 874, 1464, 1091, 11, 8.32%, 1, 6, 28, 1057.20, 2627457, 1581
2647, 0, 874, 1464, 1091, 11, 8.32%, 1, 6, 28, 1063.01, 2633026, 1581
2652, 0, 1456, 1464, 1091, 11, 8.32%, 1, 6, 28, 1077.83, 2638613, 1581
2657, 0, 1377, 1464, 1089, 9, 8.32%, 1, 6, 28, 1041.21, 2643851, 1581
2662, 0, 1464, 1465, 1088, 8, 8.32%, 1, 6, 28, 1053.80, 2649117, 1581
2667, 0, 1452, 1465, 1087, 7, 8.32%, 1, 6, 28, 1057.74, 2654425, 1581
2673, 0, 1235, 1466, 1086, 6, 8.33%, 1, 6, 28, 1053.69, 2659952, 1582
2678, 0, 1255, 1466, 1085, 5, 8.33%, 1, 6, 28, 1028.74, 2665157, 1582
2683, 0, 1166, 1466, 1085, 5, 8.33%, 1, 6, 28, 1035.02, 2670608, 1582
2688, 0, 1461, 1466, 1083, 4, 8.33%, 1, 6, 28, 1047.43, 2675978, 1582
2693, 0, 1124, 1466, 1082, 3, 8.33%, 1, 6, 28, 1086.97, 2681452, 1582
2698, 0, 1237, 1467, 1083, 3, 8.33%, 1, 6, 28, 985.84, 2686344, 1582
2703, 0, 1237, 1467, 1083, 3, 8.33%, 1, 6, 28, 1018.59, 2691492, 1582
2708, 0, 423, 1467, 1083, 4, 8.33%, 1, 6, 28, 943.51, 2696527, 1582
2713, 0, 423, 1467, 1083, 4, 8.33%, 1, 6, 28, 747.35, 2699463, 1582
2718, 0, 45, 1467, 1082, 3, 8.33%, 1, 6, 28, 1002.16, 2704845, 1582
2723, 0, 1093, 1467, 1081, 3, 8.33%, 1, 6, 28, 991.04, 2709822, 1582
2729, 0, 1093, 1467, 1081, 3, 8.33%, 1, 6, 28, 1084.07, 2715425, 1582
2734, 0, 1038, 1467, 1081, 3, 8.33%, 1, 6, 28, 1066.39, 2720705, 1582
2739, 0, 1124, 1467, 1081, 3, 8.33%, 1, 6, 28, 1073.97, 2726151, 1582
2744, 0, 1124, 1467, 1080, 2, 8.33%, 1, 6, 28, 1059.78, 2731382, 1582
2749, 0, 1269, 1467, 1080, 2, 8.33%, 1, 6, 28, 960.72, 2736423, 1582
2754, 0, 1269, 1467, 1080, 2, 8.33%, 1, 6, 28, 1035.60, 2741544, 1582
2759, 0, 1465, 1467, 1080, 2, 8.33%, 1, 6, 28, 1083.19, 2747045, 1582
2764, 0, 1419, 1467, 1079, 1, 8.33%, 1, 6, 28, 1052.24, 2752281, 1582
2769, 0, 1124, 1467, 1079, 1, 8.33%, 1, 6, 28, 1076.49, 2757942, 1582
2774, 0, 1124, 1467, 1078, 0, 8.33%, 1, 6, 28, 1053.39, 2763228, 1582
2779, 0, 1261, 1468, 1079, 0, 8.33%, 1, 6, 28, 959.52, 2767931, 1582
2784, 0, 1261, 1469, 1080, 0, 8.33%, 1, 6, 28, 952.99, 2772878, 1582
2790, 0, 1261, 1470, 1081, 0, 8.33%, 1, 6, 28, 923.93, 2777690, 1582
2795, 0, 1261, 1471, 1082, 0, 8.33%, 1, 6, 28, 926.71, 2782521, 1582
2800, 0, 1261, 1471, 1082, 0, 8.33%, 1, 6, 28, 934.52, 2787381, 1582
2805, 0, 1261, 1471, 1082, 0, 8.33%, 1, 6, 28, 971.16, 2792412, 1582
2810, 0, 1261, 1471, 1082, 0, 8.33%, 1, 6, 28, 1075.68, 2797979, 1582
2815, 0, 1470, 1471, 1081, 3, 8.33%, 1, 6, 28, 1032.96, 2803199, 1582
2820, 0, 1467, 1471, 1080, 2, 8.33%, 1, 6, 28, 1016.25, 2808255, 1582
2825, 0, 654, 1471, 1078, 0, 8.33%, 1, 6, 28, 1035.90, 2813471, 1582
2830, 0, 1378, 1471, 1078, 0, 8.33%, 1, 6, 28, 1033.12, 2818713, 1582
2836, 0, 1378, 1471, 1078, 0, 8.33%, 1, 6, 28, 1106.70, 2824546, 1582
2841, 0, 1124, 1471, 1078, 0, 8.33%, 1, 6, 28, 1098.82, 2830180, 1582
2846, 0, 1177, 1471, 1078, 0, 8.33%, 1, 6, 28, 1022.89, 2835444, 1582
2851, 0, 1177, 1471, 1078, 0, 8.33%, 1, 6, 28, 1071.74, 2840852, 1582
2856, 0, 1124, 1471, 1078, 0, 8.33%, 1, 6, 28, 1086.58, 2846337, 1582
2861, 0, 1079, 1473, 1080, 0, 8.33%, 1, 6, 28, 1029.84, 2851500, 1582
2866, 0, 1079, 1474, 1081, 0, 8.33%, 1, 6, 28, 1019.90, 2856707, 1582
2871, 0, 1079, 1474, 1081, 0, 8.33%, 1, 6, 28, 1059.07, 2861942, 1582
2876, 0, 874, 1474, 1081, 1, 8.33%, 1, 6, 28, 1078.13, 2867420, 1582
2881, 0, 874, 1474, 1081, 1, 8.33%, 1, 6, 28, 1089.20, 2873052, 1582
2886, 0, 1101, 1474, 1081, 1, 8.33%, 1, 6, 28, 1034.61, 2878316, 1582
2892, 0, 1101, 1474, 1081, 1, 8.33%, 1, 6, 28, 1086.48, 2883872, 1582
2897, 0, 1124, 1474, 1080, 1, 8.33%, 1, 6, 28, 1098.78, 2889424, 1582
2902, 0, 1363, 1475, 1081, 1, 8.33%, 1, 6, 28, 1006.04, 2894244, 1582
2907, 0, 443, 1475, 1080, 0, 8.33%, 1, 6, 28, 1063.26, 2899830, 1582
2912, 0, 1124, 1475, 1080, 0, 8.33%, 1, 6, 28, 1027.22, 2905032, 1582
2917, 0, 1166, 1475, 1080, 0, 8.33%, 1, 6, 28, 1007.43, 2910121, 1582
2922, 0, 1166, 1475, 1080, 0, 8.33%, 1, 6, 28, 1029.81, 2915220, 1582
2927, 0, 821, 1476, 1081, 0, 8.35%, 1, 6, 28, 1062.75, 2920690, 1587
2932, 0, 821, 1476, 1081, 0, 8.35%, 1, 6, 28, 1083.50, 2926171, 1587
2937, 0, 1120, 1477, 1082, 1, 8.35%, 1, 6, 28, 1024.77, 2931393, 1587
2942, 0, 1390, 1478, 1081, 1, 8.35%, 1, 6, 28, 1046.41, 2936728, 1587
2947, 0, 1390, 1478, 1081, 1, 8.35%, 1, 6, 28, 1040.55, 2941981, 1587
2952, 0, 793, 1478, 1081, 1, 8.35%, 1, 6, 28, 1075.30, 2947476, 1587
2957, 0, 1454, 1478, 1080, 1, 8.35%, 1, 6, 28, 1083.06, 2952945, 1587
2962, 0, 945, 1479, 1081, 1, 8.35%, 1, 6, 28, 1069.18, 2958337, 1587
2967, 0, 1477, 1481, 1083, 2, 8.38%, 1, 6, 28, 1057.85, 2963618, 1592
2972, 0, 1124, 1481, 1082, 3, 8.38%, 1, 6, 28, 1057.60, 2968920, 1592
2977, 0, 1166, 1481, 1081, 2, 8.38%, 1, 6, 28, 1048.51, 2974234, 1592
2982, 0, 1363, 1481, 1081, 2, 8.38%, 1, 6, 28, 1057.39, 2979619, 1592
2988, 0, 1254, 1481, 1081, 2, 8.38%, 1, 6, 28, 1054.34, 2984949, 1592
2993, 0, 116, 1481, 1081, 2, 8.38%, 1, 6, 28, 1118.40, 2990826, 1592
2998, 0, 982, 1481, 1081, 2, 8.38%, 1, 6, 28, 1103.89, 2996278, 1592
3003, 0, 598, 1481, 1081, 2, 8.38%, 1, 6, 28, 1090.91, 3001751, 1592
3008, 0, 1178, 1481, 1081, 2, 8.38%, 1, 6, 28, 1057.23, 3007271, 1592
3013, 0, 1178, 1481, 1081, 2, 8.38%, 1, 6, 28, 1103.90, 3012962, 1592
3018, 0, 1124, 1484, 1084, 2, 8.39%, 1, 6, 28, 1094.32, 3018405, 1594
3023, 0, 1483, 1486, 1086, 4, 8.39%, 1, 6, 28, 1095.69, 3024130, 1594
3028, 0, 1484, 1488, 1087, 4, 8.39%, 1, 6, 28, 1100.67, 3029638, 1594
3033, 0, 863, 1489, 1085, 2, 8.39%, 1, 6, 28, 1072.62, 3035020, 1594
3038, 0, 874, 1489, 1085, 2, 8.39%, 1, 6, 28, 1094.76, 3040548, 1594
3043, 0, 874, 1489, 1085, 2, 8.39%, 1, 6, 28, 1091.39, 3045949, 1594
3048, 0, 1390, 1489, 1085, 2, 8.39%, 1, 6, 28, 1071.73, 3051343, 1594
3053, 0, 1463, 1489, 1085, 2, 8.39%, 1, 6, 28, 1054.35, 3056727, 1594
3059, 0, 1463, 1489, 1085, 2, 8.39%, 1, 6, 28, 1077.00, 3062337, 1594
3064, 0, 1478, 1491, 1087, 2, 8.39%, 1, 6, 28, 1089.11, 3067900, 1594
3069, 0, 1480, 1494, 1089, 4, 8.39%, 1, 6, 28, 1037.05, 3073227, 1595
3074, 0, 1363, 1494, 1087, 3, 8.39%, 1, 6, 28, 1045.37, 3078714, 1595
3079, 0, 1492, 1495, 1086, 2, 8.39%, 1, 6, 28, 1027.13, 3083851, 1595
3084, 0, 443, 1496, 1086, 1, 8.39%, 1, 6, 28, 1064.43, 3089410, 1595
3089, 0, 920, 1498, 1088, 1, 8.40%, 1, 6, 28, 997.54, 3094418, 1596
3094, 0, 920, 1498, 1088, 1, 8.40%, 1, 6, 28, 976.19, 3099320, 1596
3099, 0, 920, 1498, 1088, 1, 8.40%, 1, 6, 28, 1017.32, 3104466, 1596
3104, 0, 1390, 1498, 1087, 3, 8.40%, 1, 6, 28, 1025.37, 3109735, 1596
3109, 0, 1416, 1498, 1087, 3, 8.40%, 1, 6, 28, 962.95, 3114606, 1596
3114, 0, 1416, 1498, 1087, 3, 8.40%, 1, 6, 28, 1078.07, 3120089, 1596
3119, 0, 1468, 1498, 1087, 3, 8.40%, 1, 6, 28, 1005.82, 3125095, 1596
3124, 0, 1468, 1498, 1087, 3, 8.40%, 1, 6, 28, 1080.37, 3130593, 1596
3130, 0, 874, 1498, 1086, 2, 8.40%, 1, 6, 28, 1069.15, 3136085, 1596
3135, 0, 874, 1498, 1086, 2, 8.40%, 1, 6, 28, 1082.49, 3141423, 1596
3140, 0, 641, 1498, 1086, 2, 8.40%, 1, 6, 28, 1095.58, 3147127, 1596
3145, 0, 1486, 1498, 1084, 0, 8.40%, 1, 6, 28, 1072.11, 3152370, 1596
3150, 0, 1464, 1498, 1084, 0, 8.40%, 1, 6, 28, 1078.21, 3157867, 1596
3155, 0, 1464, 1498, 1084, 0, 8.40%, 1, 6, 28, 1071.08, 3163309, 1596
3160, 0, 1486, 1498, 1084, 0, 8.40%, 1, 6, 28, 1099.71, 3169031, 1596
3165, 0, 1479, 1498, 1084, 0, 8.40%, 1, 6, 28, 1060.56, 3174337, 1596
3170, 0, 1452, 1498, 1084, 0, 8.40%, 1, 6, 28, 1065.57, 3179758, 1596
3175, 0, 1452, 1498, 1084, 0, 8.40%, 1, 6, 28, 1081.70, 3185138, 1596
3180, 0, 1124, 1498, 1084, 0, 8.40%, 1, 6, 28, 1092.10, 3190695, 1596
3185, 0, 1139, 1498, 1084, 0, 8.40%, 1, 6, 28, 1033.88, 3195928, 1596
3190, 0, 1139, 1498, 1084, 0, 8.40%, 1, 6, 28, 1095.05, 3201451, 1596
3196, 0, 1390, 1503, 1089, 0, 8.49%, 1, 6, 28, 1007.80, 3206640, 1613
3201, 0, 1124, 1511, 1097, 1, 8.49%, 1, 6, 28, 1037.11, 3211842, 1613
3206, 0, 1498, 1513, 1099, 1, 8.49%, 1, 6, 28, 999.40, 3217039, 1613
3211, 0, 1498, 1514, 1100, 1, 8.49%, 1, 6, 28, 999.54, 3222224, 1613
3216, 0, 1404, 1514, 1099, 0, 8.49%, 1, 6, 28, 1011.65, 3227426, 1613
3221, 0, 1404, 1514, 1099, 0, 8.49%, 1, 6, 28, 1071.61, 3232745, 1613
3226, 0, 962, 1514, 1099, 0, 8.49%, 1, 6, 28, 1060.50, 3238332, 1613
3231, 0, 1486, 1514, 1099, 0, 8.49%, 1, 6, 28, 1083.13, 3243747, 1613
3237, 0, 857, 1514, 1099, 0, 8.49%, 1, 6, 28, 1056.01, 3249236, 1613
3242, 0, 1104, 1514, 1099, 0, 8.49%, 1, 6, 28, 1017.95, 3254361, 1613
3247, 0, 1104, 1514, 1099, 0, 8.49%, 1, 6, 28, 1042.85, 3259539, 1613
3252, 0, 1390, 1514, 1099, 0, 8.49%, 1, 6, 28, 1074.07, 3265189, 1613
3257, 0, 1390, 1514, 1099, 0, 8.49%, 1, 6, 28, 1057.33, 3270437, 1613
3262, 0, 1469, 1515, 1100, 0, 8.49%, 1, 6, 28, 1002.08, 3275435, 1613
3267, 0, 1469, 1515, 1100, 0, 8.49%, 1, 6, 28, 1022.25, 3280522, 1613
3272, 0, 705, 1516, 1101, 2, 8.49%, 1, 6, 28, 1055.03, 3286074, 1614
3277, 0, 1464, 1516, 1100, 2, 8.49%, 1, 6, 28, 1023.93, 3291440, 1614
3282, 0, 1464, 1516, 1100, 2, 8.49%, 1, 6, 28, 1059.73, 3296761, 1614
3287, 0, 874, 1516, 1100, 2, 8.49%, 1, 6, 28, 1068.22, 3302200, 1614
3292, 0, 874, 1516, 1100, 2, 8.49%, 1, 6, 28, 1080.20, 3307559, 1614
3297, 0, 1514, 1517, 1101, 2, 8.49%, 1, 6, 28, 1019.28, 3312782, 1614
3302, 0, 1390, 1517, 1099, 1, 8.49%, 1, 6, 28, 1003.48, 3317860, 1614
3308, 0, 1487, 1517, 1099, 1, 8.49%, 1, 6, 28, 1088.42, 3323542, 1614
3313, 0, 1363, 1517, 1099, 1, 8.49%, 1, 6, 28, 1074.13, 3328956, 1614
3318, 0, 874, 1517, 1099, 1, 8.49%, 1, 6, 28, 1088.99, 3334464, 1614
3323, 0, 874, 1518, 1100, 1, 8.49%, 1, 6, 28, 1105.73, 3339990, 1614
3328, 0, 1515, 1519, 1100, 1, 8.49%, 1, 6, 28, 1042.23, 3345343, 1614
3333, 0, 641, 1519, 1099, 0, 8.49%, 1, 6, 28, 1061.48, 3350814, 1614
3338, 0, 1486, 1519, 1099, 0, 8.49%, 1, 6, 28, 1083.99, 3356413, 1614
3343, 0, 1139, 1519, 1099, 0, 8.49%, 1, 6, 28, 1049.67, 3361637, 1614
3348, 0, 921, 1519, 1099, 0, 8.49%, 1, 6, 28, 930.81, 3366451, 1614
3353, 0, 921, 1519, 1099, 0, 8.49%, 1, 6, 28, 923.94, 3370916, 1614
3358, 0, 443, 1519, 1099, 0, 8.49%, 1, 6, 28, 1027.73, 3376152, 1614
3363, 0, 1049, 1519, 1099, 0, 8.49%, 1, 6, 28, 1008.55, 3381265, 1614
3369, 0, 1049, 1519, 1099, 0, 8.49%, 1, 6, 28, 1128.05, 3387259, 1614
3374, 0, 1360, 1519, 1099, 0, 8.49%, 1, 6, 28, 1041.49, 3392492, 1614
3379, 0, 1360, 1519, 1099, 0, 8.49%, 1, 6, 28, 1111.06, 3398191, 1614
3384, 0, 1486, 1519, 1099, 0, 8.49%, 1, 6, 28, 1088.31, 3403706, 1614
3389, 0, 1347, 1520, 1100, 0, 8.50%, 1, 6, 28, 897.01, 3408307, 1615
3394, 0, 1347, 1520, 1100, 0, 8.50%, 1, 6, 28, 978.86, 3413223, 1615
3399, 0, 324, 1520, 1099, 1, 8.50%, 1, 6, 28, 1051.78, 3418652, 1615
3404, 0, 1141, 1520, 1098, 1, 8.50%, 1, 6, 28, 1032.28, 3423898, 1615
3409, 0, 1456, 1520, 1098, 1, 8.50%, 1, 6, 28, 1050.96, 3429179, 1615
3414, 0, 1456, 1520, 1098, 1, 8.50%, 1, 6, 28, 1055.82, 3434410, 1615
3419, 0, 874, 1520, 1098, 1, 8.50%, 1, 6, 28, 1040.12, 3439593, 1615
3424, 0, 874, 1520, 1098, 1, 8.50%, 1, 6, 28, 1082.39, 3445229, 1615
3429, 0, 1363, 1520, 1098, 1, 8.50%, 1, 6, 28, 1034.03, 3450418, 1615
3435, 0, 1166, 1520, 1098, 1, 8.50%, 1, 6, 28, 1020.99, 3455580, 1615
3440, 0, 1468, 1520, 1097, 1, 8.50%, 1, 6, 28, 992.31, 3460593, 1615
3445, 0, 1468, 1520, 1097, 1, 8.50%, 1, 6, 28, 1031.39, 3465856, 1615
3450, 0, 936, 1520, 1097, 1, 8.50%, 1, 6, 28, 1052.30, 3471197, 1615
3455, 0, 1101, 1520, 1096, 1, 8.50%, 1, 6, 28, 1020.75, 3476204, 1615
3460, 0, 1519, 1520, 1095, 1, 8.50%, 1, 6, 28, 1009.68, 3481528, 1615
3465, 0, 1347, 1520, 1094, 0, 8.50%, 1, 6, 28, 1034.86, 3486687, 1615
3470, 0, 1231, 1521, 1095, 0, 8.50%, 1, 6, 28, 955.65, 3491412, 1615
3475, 0, 1231, 1521, 1095, 0, 8.50%, 1, 6, 28, 937.51, 3496096, 1615
3480, 0, 1231, 1521, 1095, 0, 8.50%, 1, 6, 28, 1048.03, 3501586, 1615
3485, 0, 1001, 1521, 1095, 0, 8.50%, 1, 6, 28, 1064.93, 3507182, 1615
3491, 0, 423, 1521, 1095, 0, 8.50%, 1, 6, 28, 1011.67, 3512426, 1615
3496, 0, 423, 1522, 1096, 0, 8.50%, 1, 6, 28, 496.27, 3514268, 1615
3501, 0, 423, 1523, 1097, 0, 8.50%, 1, 6, 28, 400.65, 3516143, 1615
3506, 0, 423, 1525, 1099, 0, 8.51%, 1, 6, 28, 360.22, 3517921, 1618
3511, 0, 423, 1526, 1100, 0, 8.52%, 1, 6, 28, 360.34, 3519763, 1619
3516, 0, 423, 1527, 1101, 0, 8.52%, 1, 6, 28, 371.13, 3521737, 1619
3521, 0, 423, 1527, 1101, 0, 8.52%, 1, 6, 28, 345.87, 3523506, 1619
3526, 0, 423, 1527, 1101, 0, 8.52%, 1, 6, 28, 350.62, 3525293, 1619
3531, 0, 423, 1527, 1101, 0, 8.52%, 1, 6, 28, 364.83, 3527176, 1619
3536, 0, 423, 1527, 1101, 0, 8.52%, 1, 6, 28, 357.91, 3529003, 1619
3541, 0, 423, 1527, 1101, 0, 8.52%, 1, 6, 28, 352.86, 3530775, 1619
3546, 0, 423, 1527, 1101, 0, 8.52%, 1, 6, 28, 364.43, 3532616, 1619
3551, 0, 423, 1527, 1101, 0, 8.52%, 1, 6, 28, 352.69, 3534401, 1619
3557, 0, 423, 1527, 1101, 0, 8.52%, 1, 6, 28, 354.53, 3536186, 1619
3562, 0, 423, 1527, 1101, 0, 8.52%, 1, 6, 28, 353.70, 3537992, 1619
3567, 0, 423, 1527, 1101, 0, 8.52%, 1, 6, 28, 349.51, 3539770, 1619
3572, 0, 423, 1527, 1101, 0, 8.52%, 1, 6, 28, 774.07, 3543586, 1619
3577, 0, 1524, 1527, 1100, 2, 8.52%, 1, 6, 28, 789.53, 3547773, 1619
3582, 0, 1464, 1527, 1099, 1, 8.52%, 1, 6, 28, 971.78, 3553066, 1619
3587, 0, 1464, 1527, 1099, 1, 8.52%, 1, 6, 28, 1007.39, 3558035, 1619
3592, 0, 1464, 1527, 1099, 1, 8.52%, 1, 6, 28, 1057.52, 3563387, 1619
3597, 0, 1464, 1527, 1098, 0, 8.52%, 1, 6, 28, 1005.29, 3568501, 1619
3602, 0, 1464, 1528, 1099, 0, 8.52%, 1, 6, 28, 1048.38, 3573815, 1620
3607, 0, 1464, 1528, 1099, 0, 8.52%, 1, 6, 28, 1057.20, 3579283, 1620
3612, 0, 874, 1528, 1099, 1, 8.52%, 1, 6, 28, 1063.84, 3584651, 1620
3617, 0, 874, 1528, 1099, 1, 8.52%, 1, 6, 28, 1034.21, 3589802, 1620
3622, 0, 874, 1528, 1099, 1, 8.52%, 1, 6, 28, 1048.10, 3595071, 1620
3628, 0, 874, 1528, 1099, 1, 8.52%, 1, 6, 28, 1035.08, 3600230, 1620
3633, 0, 1527, 1530, 1101, 1, 8.52%, 1, 6, 28, 1030.22, 3605637, 1620
3638, 0, 1528, 1530, 1100, 1, 8.52%, 1, 6, 28, 1034.79, 3610873, 1620
3643, 0, 195, 1530, 1099, 0, 8.52%, 1, 6, 28, 1065.44, 3616251, 1620
3648, 0, 1200, 1530, 1099, 0, 8.52%, 1, 6, 28, 992.87, 3621380, 1620
3653, 0, 641, 1530, 1099, 0, 8.52%, 1, 6, 28, 1055.77, 3626785, 1620
3658, 0, 1470, 1530, 1099, 0, 8.52%, 1, 6, 28, 974.61, 3631634, 1620
3663, 0, 1470, 1530, 1099, 0, 8.52%, 1, 6, 28, 1064.17, 3637053, 1620
3668, 0, 1230, 1530, 1099, 0, 8.52%, 1, 6, 28, 1036.37, 3642223, 1620
3673, 0, 1409, 1530, 1099, 0, 8.52%, 1, 6, 28, 976.43, 3647067, 1620
3678, 0, 1409, 1530, 1099, 0, 8.52%, 1, 6, 28, 1067.72, 3652531, 1620
3683, 0, 1470, 1531, 1100, 0, 8.52%, 1, 6, 28, 970.16, 3657356, 1620
3688, 0, 1470, 1531, 1100, 0, 8.52%, 1, 6, 28, 1017.16, 3662559, 1620
3693, 0, 921, 1531, 1100, 2, 8.52%, 1, 6, 28, 1042.81, 3667810, 1620
3699, 0, 1530, 1531, 1100, 2, 8.52%, 1, 6, 28, 978.28, 3672660, 1620
3704, 0, 1390, 1531, 1099, 1, 8.52%, 1, 6, 28, 983.08, 3677499, 1620
3709, 0, 1447, 1531, 1099, 1, 8.52%, 1, 6, 28, 993.13, 3682536, 1620
3714, 0, 1447, 1531, 1099, 1, 8.52%, 1, 6, 28, 1050.37, 3687794, 1620
3719, 0, 874, 1531, 1098, 0, 8.52%, 1, 6, 28, 1069.71, 3693278, 1620
3724, 0, 874, 1531, 1098, 0, 8.52%, 1, 6, 28, 1073.20, 3698637, 1620
3729, 0, 1498, 1531, 1098, 0, 8.52%, 1, 6, 28, 1070.92, 3704056, 1620
3734, 0, 1363, 1531, 1098, 0, 8.52%, 1, 6, 28, 1042.46, 3709271, 1620
3739, 0, 1356, 1531, 1098, 0, 8.52%, 1, 6, 28, 1048.15, 3714556, 1620
3744, 0, 1356, 1531, 1098, 0, 8.52%, 1, 6, 28, 1017.77, 3719515, 1620
3749, 0, 641, 1531, 1098, 0, 8.52%, 1, 6, 28, 1064.69, 3725141, 1620
3754, 0, 1464, 1531, 1098, 0, 8.52%, 1, 6, 28, 1030.76, 3730517, 1620
3759, 0, 1464, 1531, 1098, 0, 8.52%, 1, 6, 28, 1067.05, 3735921, 1620
3764, 0, 1464, 1531, 1098, 0, 8.52%, 1, 6, 28, 1075.10, 3741360, 1620
3769, 0, 874, 1531, 1098, 0, 8.52%, 1, 6, 28, 986.77, 3746143, 1620
3770, 0, 874, 1531, 1098, 0, 8.52%, 1, 6, 28, 1026.56, 3747396, 1620
