# relative_time, cycles_done, cur_item, corpus_count, pending_total, pending_favs, map_size, saved_crashes, saved_hangs, max_depth, execs_per_sec, total_execs, edges_found
61, 0, 569, 647, 644, 258, 4.10%, 0, 0, 4, 2320.94, 132398, 1184
66, 0, 585, 667, 662, 302, 4.15%, 0, 0, 5, 2460.75, 144948, 1200
71, 0, 585, 681, 676, 302, 4.24%, 0, 0, 5, 2549.62, 157896, 1227
76, 0, 674, 709, 701, 323, 4.41%, 0, 0, 6, 2560.49, 170563, 1274
81, 0, 674, 715, 707, 323, 4.46%, 0, 0, 6, 2556.28, 183355, 1289
86, 0, 276, 745, 736, 344, 4.61%, 0, 0, 6, 2315.80, 194960, 1333
91, 0, 276, 764, 755, 344, 4.72%, 0, 0, 6, 2288.55, 206476, 1364
96, 0, 276, 775, 766, 344, 4.82%, 0, 0, 6, 2239.92, 217600, 1394
101, 0, 650, 805, 795, 382, 4.87%, 0, 0, 6, 2470.39, 230472, 1407
106, 0, 650, 822, 812, 382, 4.88%, 0, 0, 6, 2446.74, 242857, 1411
112, 0, 650, 832, 822, 382, 4.92%, 0, 0, 6, 2463.33, 255792, 1421
117, 0, 177, 845, 833, 384, 4.93%, 0, 0, 6, 2200.07, 266868, 1424
122, 0, 177, 855, 843, 384, 4.95%, 0, 0, 6, 2152.34, 278002, 1431
127, 0, 822, 879, 862, 388, 5.06%, 0, 0, 7, 2331.93, 289793, 1464
132, 0, 822, 893, 876, 388, 5.15%, 0, 0, 7, 2583.99, 303058, 1488
137, 0, 822, 896, 879, 388, 5.18%, 0, 0, 7, 2495.64, 316064, 1496
142, 0, 894, 923, 904, 412, 5.27%, 0, 0, 8, 2486.48, 328487, 1524
147, 0, 894, 925, 906, 412, 5.28%, 0, 0, 8, 2485.61, 341094, 1526
152, 0, 468, 942, 919, 431, 5.33%, 0, 0, 8, 2349.17, 353642, 1540
158, 0, 468, 951, 928, 431, 5.34%, 0, 0, 8, 2108.34, 364108, 1543
163, 0, 886, 958, 934, 438, 5.34%, 0, 0, 8, 2108.32, 374645, 1545
168, 0, 441, 976, 951, 439, 5.37%, 0, 0, 8, 2158.12, 385691, 1553
173, 0, 441, 988, 963, 439, 5.41%, 0, 0, 8, 2096.86, 396119, 1564
178, 0, 451, 1014, 988, 446, 5.47%, 0, 0, 8, 2108.01, 407053, 1580
183, 0, 451, 1029, 1003, 446, 5.50%, 0, 0, 8, 2033.32, 417522, 1590
188, 0, 869, 1037, 1010, 452, 5.51%, 0, 0, 8, 2168.52, 428406, 1593
193, 0, 869, 1044, 1017, 452, 5.54%, 0, 0, 8, 2497.53, 441734, 1602
198, 0, 869, 1044, 1017, 452, 5.54%, 0, 0, 8, 2594.67, 454720, 1602
203, 0, 694, 1047, 1015, 454, 5.55%, 0, 0, 9, 2487.49, 467499, 1604
209, 0, 1016, 1070, 1037, 453, 5.59%, 0, 0, 9, 2212.74, 478499, 1616
214, 0, 1016, 1080, 1047, 453, 5.62%, 0, 0, 9, 2100.46, 489312, 1624
219, 0, 1064, 1092, 1058, 466, 5.63%, 0, 0, 9, 2084.39, 499588, 1628
224, 0, 1064, 1103, 1069, 466, 5.66%, 0, 0, 9, 2091.56, 510189, 1635
229, 0, 437, 1107, 1072, 474, 5.67%, 0, 0, 9, 2191.81, 521616, 1638
234, 0, 826, 1122, 1080, 472, 5.71%, 0, 0, 9, 2363.60, 533467, 1652
239, 0, 826, 1127, 1085, 472, 5.72%, 0, 0, 9, 2547.34, 546585, 1654
244, 0, 826, 1131, 1089, 472, 5.73%, 0, 0, 9, 2469.77, 558691, 1656
249, 0, 616, 1138, 1090, 474, 5.77%, 0, 0, 9, 2424.15, 571153, 1667
254, 0, 421, 1145, 1089, 472, 5.78%, 0, 0, 9, 2354.53, 583397, 1671
259, 0, 421, 1157, 1101, 472, 5.80%, 0, 0, 9, 2120.65, 593817, 1678
264, 0, 421, 1160, 1104, 472, 5.82%, 0, 0, 9, 2097.23, 604380, 1683
270, 0, 1056, 1169, 1109, 477, 5.83%, 0, 0, 9, 2167.80, 615334, 1684
275, 0, 1056, 1171, 1111, 477, 5.83%, 0, 0, 9, 2061.27, 625462, 1684
280, 0, 1056, 1175, 1115, 477, 5.84%, 0, 0, 9, 2075.29, 636115, 1688
285, 0, 999, 1180, 1113, 472, 5.85%, 0, 0, 9, 2156.33, 647504, 1691
290, 0, 857, 1195, 1124, 468, 5.88%, 0, 0, 9, 2171.77, 658517, 1701
295, 0, 857, 1203, 1132, 468, 5.89%, 0, 0, 9, 2094.49, 669084, 1702
300, 0, 473, 1208, 1134, 475, 5.91%, 0, 0, 9, 2186.87, 680321, 1708
305, 0, 1159, 1223, 1146, 479, 5.94%, 0, 0, 9, 2010.60, 690407, 1718
310, 0, 1159, 1232, 1155, 479, 5.97%, 0, 0, 9, 2052.57, 700670, 1725
315, 0, 1203, 1249, 1171, 483, 5.99%, 0, 0, 9, 2097.01, 711867, 1731
320, 0, 1203, 1254, 1176, 483, 6.04%, 0, 0, 9, 2114.32, 722906, 1745
326, 0, 1203, 1261, 1183, 483, 6.04%, 0, 0, 9, 2028.60, 733119, 1747
331, 0, 772, 1283, 1203, 491, 6.12%, 0, 0, 9, 2199.45, 744993, 1768
336, 0, 772, 1288, 1208, 491, 6.13%, 0, 0, 9, 1958.81, 754004, 1772
341, 0, 772, 1290, 1210, 491, 6.14%, 0, 0, 9, 2175.81, 765262, 1774
346, 0, 913, 1292, 1208, 497, 6.15%, 0, 0, 9, 2272.54, 776723, 1778
351, 0, 1202, 1297, 1208, 492, 6.15%, 0, 0, 9, 2216.09, 787628, 1779
356, 0, 379, 1303, 1209, 489, 6.16%, 0, 0, 9, 2222.02, 799155, 1781
361, 0, 379, 1310, 1216, 489, 6.17%, 0, 0, 9, 2104.19, 809834, 1784
366, 0, 379, 1312, 1218, 489, 6.17%, 0, 0, 9, 2089.86, 820385, 1784
371, 0, 1025, 1322, 1226, 490, 6.18%, 0, 0, 9, 2058.52, 830822, 1786
376, 0, 1025, 1330, 1234, 490, 6.21%, 0, 0, 9, 2073.75, 841497, 1794
382, 0, 1113, 1336, 1239, 495, 6.23%, 0, 0, 9, 2110.44, 851943, 1800
387, 0, 980, 1350, 1251, 493, 6.25%, 0, 0, 9, 2162.81, 863319, 1808
392, 0, 601, 1356, 1256, 499, 6.28%, 0, 0, 9, 2186.72, 874232, 1815
397, 0, 1074, 1362, 1260, 499, 6.28%, 0, 0, 9, 2102.97, 884745, 1816
402, 0, 1074, 1363, 1261, 499, 6.29%, 0, 0, 9, 2105.05, 895535, 1817
407, 0, 1352, 1390, 1287, 504, 6.37%, 0, 0, 9, 2094.56, 906119, 1841
412, 0, 1352, 1398, 1295, 504, 6.38%, 0, 0, 9, 2101.41, 917031, 1845
417, 0, 1352, 1405, 1302, 504, 6.40%, 0, 0, 9, 2035.99, 927056, 1849
422, 0, 1209, 1425, 1319, 520, 6.44%, 0, 0, 9, 2135.41, 937932, 1862
427, 0, 1209, 1429, 1323, 520, 6.44%, 0, 0, 9, 2127.40, 948628, 1863
432, 0, 1143, 1435, 1327, 527, 6.45%, 0, 0, 9, 2069.58, 959010, 1865
438, 0, 775, 1446, 1334, 524, 6.54%, 0, 0, 9, 2071.43, 969773, 1892
443, 0, 775, 1450, 1338, 524, 6.56%, 0, 0, 9, 2262.38, 981215, 1897
448, 0, 775, 1451, 1339, 524, 6.56%, 0, 0, 9, 2288.43, 992995, 1897
453, 0, 1252, 1458, 1344, 525, 6.57%, 0, 0, 9, 2097.97, 1003590, 1898
458, 0, 1252, 1461, 1347, 525, 6.57%, 0, 0, 9, 1914.19, 1012879, 1900
463, 0, 1252, 1465, 1351, 525, 6.58%, 0, 0, 9, 1967.41, 1023145, 1902
468, 0, 521, 1468, 1344, 519, 6.58%, 0, 0, 9, 2330.33, 1035123, 1902
473, 0, 521, 1483, 1359, 519, 6.61%, 0, 0, 9, 2035.64, 1045129, 1912
478, 0, 521, 1488, 1364, 519, 6.62%, 0, 0, 9, 2009.93, 1055204, 1914
483, 0, 1459, 1494, 1368, 521, 6.63%, 0, 0, 9, 1996.90, 1065380, 1918
488, 0, 1459, 1500, 1374, 521, 6.64%, 0, 0, 9, 1934.96, 1075174, 1919
493, 0, 1459, 1506, 1380, 521, 6.65%, 0, 0, 9, 2020.84, 1085824, 1921
498, 0, 682, 1512, 1385, 520, 6.65%, 0, 0, 9, 2159.99, 1096721, 1923
503, 0, 1067, 1513, 1384, 519, 6.65%, 0, 0, 9, 2207.83, 1107753, 1923
509, 0, 1256, 1539, 1403, 511, 6.73%, 0, 0, 9, 2229.53, 1119010, 1946
514, 0, 1256, 1565, 1429, 511, 6.81%, 0, 0, 9, 2196.46, 1129971, 1969
519, 0, 1256, 1581, 1445, 511, 6.88%, 0, 0, 9, 2077.77, 1140740, 1989
524, 0, 1373, 1586, 1444, 555, 6.90%, 0, 0, 9, 2037.13, 1150995, 1994
529, 0, 1373, 1594, 1452, 555, 6.92%, 0, 0, 9, 1992.31, 1160975, 2000
534, 0, 1373, 1601, 1459, 555, 6.93%, 0, 0, 9, 2098.02, 1171742, 2004
539, 0, 1336, 1613, 1468, 566, 6.97%, 0, 0, 9, 2169.40, 1182959, 2014
544, 0, 1336, 1623, 1478, 566, 6.98%, 0, 0, 9, 2166.37, 1194008, 2017
549, 0, 1090, 1631, 1485, 570, 6.99%, 0, 0, 9, 2063.21, 1204171, 2022
554, 0, 1581, 1637, 1488, 569, 7.00%, 0, 0, 9, 2028.06, 1214295, 2024
559, 0, 1581, 1648, 1499, 569, 7.03%, 0, 0, 9, 1915.43, 1223502, 2032
564, 0, 1581, 1654, 1505, 569, 7.05%, 0, 0, 9, 1978.04, 1233714, 2037
569, 0, 1559, 1663, 1510, 572, 7.06%, 0, 0, 9, 1973.45, 1243603, 2040
574, 0, 1559, 1666, 1513, 572, 7.06%, 0, 0, 9, 1917.55, 1253262, 2042
579, 0, 1559, 1675, 1522, 572, 7.09%, 0, 0, 9, 2004.16, 1263382, 2049
584, 0, 1455, 1680, 1525, 578, 7.11%, 0, 0, 9, 1996.12, 1273470, 2054
589, 0, 1171, 1689, 1531, 576, 7.12%, 0, 0, 9, 1996.58, 1283320, 2057
594, 0, 1171, 1690, 1532, 576, 7.12%, 0, 0, 9, 2098.95, 1294142, 2057
599, 0, 1171, 1692, 1534, 576, 7.15%, 0, 0, 9, 2130.05, 1304866, 2066
604, 0, 1569, 1694, 1533, 577, 7.15%, 0, 0, 9, 2120.02, 1315573, 2066
609, 0, 1662, 1699, 1528, 570, 7.15%, 0, 0, 9, 2067.10, 1326222, 2068
614, 0, 1662, 1708, 1537, 570, 7.15%, 0, 0, 9, 2107.92, 1336662, 2068
620, 0, 1662, 1712, 1541, 570, 7.16%, 0, 0, 9, 1974.60, 1346548, 2071
625, 0, 1302, 1714, 1540, 569, 7.17%, 0, 0, 9, 1927.82, 1355689, 2072
630, 0, 773, 1714, 1530, 558, 7.17%, 0, 0, 9, 1889.70, 1365359, 2072
635, 0, 1535, 1718, 1527, 552, 7.17%, 0, 0, 9, 2069.59, 1375877, 2074
640, 0, 1666, 1738, 1543, 550, 7.23%, 0, 0, 9, 1929.43, 1385476, 2089
645, 0, 1666, 1771, 1576, 550, 7.33%, 0, 0, 9, 1689.33, 1393908, 2118
650, 0, 1666, 1787, 1592, 550, 7.40%, 0, 0, 9, 2000.02, 1404367, 2138
655, 0, 1435, 1805, 1608, 602, 7.46%, 0, 0, 9, 1997.16, 1414620, 2157
660, 0, 1435, 1807, 1610, 602, 7.47%, 0, 0, 9, 2106.37, 1425569, 2158
665, 0, 1435, 1808, 1611, 602, 7.47%, 0, 0, 9, 2013.48, 1435641, 2159
670, 0, 764, 1809, 1611, 606, 7.47%, 0, 0, 9, 1948.98, 1445631, 2159
675, 0, 1018, 1828, 1627, 603, 7.51%, 0, 0, 9, 1923.46, 1455381, 2172
680, 0, 1018, 1842, 1641, 603, 7.55%, 0, 0, 9, 1925.18, 1465112, 2183
685, 0, 882, 1849, 1647, 627, 7.57%, 0, 0, 9, 2051.45, 1475711, 2188
691, 0, 1228, 1873, 1668, 625, 7.63%, 0, 0, 9, 2179.77, 1487331, 2205
696, 0, 1228, 1893, 1688, 625, 7.68%, 0, 0, 9, 2146.23, 1498092, 2221
701, 0, 1228, 1905, 1700, 625, 7.72%, 0, 0, 9, 2216.86, 1509316, 2232
706, 0, 1791, 1911, 1702, 660, 7.75%, 0, 0, 9, 2186.90, 1520828, 2239
711, 0, 1791, 1919, 1710, 660, 7.76%, 0, 0, 9, 2115.86, 1531474, 2242
716, 0, 1791, 1930, 1721, 660, 7.77%, 0, 0, 9, 2085.26, 1542084, 2245
721, 0, 1734, 1948, 1732, 664, 7.82%, 0, 0, 9, 2137.37, 1553288, 2261
726, 0, 1734, 1989, 1773, 664, 7.96%, 0, 0, 9, 1978.95, 1563127, 2301
731, 0, 1734, 2018, 1802, 664, 8.05%, 0, 0, 9, 1982.56, 1573236, 2327
736, 0, 1914, 2023, 1803, 729, 8.06%, 0, 0, 9, 2085.52, 1583763, 2329
741, 0, 1914, 2035, 1815, 729, 8.07%, 0, 0, 10, 2071.39, 1594217, 2333
746, 0, 1914, 2036, 1816, 729, 8.07%, 0, 0, 10, 1950.62, 1603930, 2333
752, 0, 1861, 2042, 1816, 728, 8.08%, 0, 0, 10, 2185.41, 1615083, 2337
757, 0, 1783, 2050, 1820, 726, 8.11%, 0, 0, 10, 2186.74, 1626266, 2345
762, 0, 1783, 2059, 1829, 726, 8.12%, 0, 0, 10, 2185.08, 1637165, 2348
767, 0, 2004, 2061, 1830, 732, 8.12%, 0, 0, 10, 2137.03, 1647746, 2348
772, 0, 2004, 2071, 1840, 732, 8.15%, 0, 0, 10, 2037.38, 1658016, 2355
777, 0, 2004, 2082, 1851, 732, 8.17%, 0, 0, 10, 2027.06, 1668173, 2363
782, 0, 1524, 2087, 1853, 744, 8.19%, 0, 0, 10, 2075.88, 1678486, 2367
787, 0, 1676, 2095, 1854, 741, 8.22%, 0, 0, 10, 2136.74, 1689832, 2375
792, 0, 1676, 2099, 1858, 741, 8.22%, 0, 0, 10, 1683.07, 1698026, 2375
797, 0, 1676, 2103, 1862, 741, 8.22%, 0, 0, 10, 1844.46, 1707456, 2376
802, 0, 1676, 2106, 1865, 741, 8.23%, 0, 0, 10, 1892.68, 1716945, 2380
807, 0, 2084, 2109, 1864, 741, 8.24%, 0, 0, 11, 1985.68, 1726939, 2382
812, 0, 2084, 2115, 1870, 741, 8.25%, 0, 0, 11, 2009.93, 1736981, 2386
817, 0, 2084, 2123, 1878, 741, 8.26%, 0, 0, 11, 2107.31, 1747631, 2387
822, 0, 2014, 2139, 1889, 742, 8.30%, 0, 0, 11, 2140.69, 1758770, 2399
828, 0, 2014, 2178, 1928, 742, 8.42%, 0, 0, 11, 2122.53, 1769753, 2433
833, 0, 2014, 2186, 1936, 742, 8.43%, 0, 0, 11, 2096.39, 1780477, 2437
838, 0, 1942, 2192, 1939, 783, 8.44%, 0, 0, 11, 2141.72, 1791617, 2439
843, 0, 1942, 2200, 1947, 783, 8.45%, 0, 0, 11, 2088.93, 1802536, 2442
848, 0, 808, 2207, 1953, 785, 8.45%, 0, 0, 11, 2206.94, 1813567, 2442
853, 0, 1577, 2211, 1950, 778, 8.45%, 0, 0, 11, 2148.39, 1824511, 2443
858, 0, 2095, 2221, 1957, 777, 8.46%, 0, 0, 11, 2066.49, 1834881, 2446
863, 0, 2095, 2226, 1962, 777, 8.46%, 0, 0, 11, 2066.06, 1845330, 2447
868, 0, 2095, 2228, 1964, 777, 8.46%, 0, 0, 11, 2061.28, 1855963, 2447
874, 0, 1497, 2236, 1967, 773, 8.47%, 0, 0, 11, 2145.32, 1867481, 2448
879, 0, 1497, 2241, 1972, 773, 8.47%, 0, 0, 11, 2114.67, 1877974, 2449
884, 0, 1497, 2244, 1975, 773, 8.48%, 0, 0, 11, 2024.42, 1888305, 2450
889, 0, 2139, 2317, 2045, 772, 8.67%, 0, 0, 11, 2080.00, 1899249, 2506
894, 0, 2139, 2360, 2088, 772, 8.81%, 0, 0, 11, 1999.44, 1909371, 2546
899, 0, 2139, 2377, 2105, 772, 8.84%, 0, 0, 11, 1843.53, 1918545, 2555
904, 0, 1258, 2383, 2109, 868, 8.84%, 0, 0, 11, 1793.88, 1927504, 2556
909, 0, 1258, 2384, 2110, 868, 8.84%, 0, 0, 11, 1956.71, 1937671, 2556
914, 0, 1258, 2385, 2111, 868, 8.85%, 0, 0, 11, 1965.89, 1947701, 2557
919, 0, 1053, 2385, 2107, 869, 8.85%, 0, 0, 11, 2104.30, 1958094, 2557
924, 0, 1590, 2392, 2113, 868, 8.86%, 0, 0, 11, 2151.95, 1969207, 2560
930, 0, 1590, 2398, 2119, 868, 8.87%, 0, 0, 11, 2137.18, 1980169, 2564
935, 0, 2261, 2411, 2130, 872, 8.89%, 0, 0, 12, 2169.72, 1991636, 2570
940, 0, 2261, 2426, 2145, 872, 8.92%, 0, 0, 12, 2156.93, 2002620, 2580
945, 0, 2261, 2435, 2154, 872, 8.94%, 0, 0, 12, 2124.64, 2013392, 2585
950, 0, 863, 2440, 2158, 887, 8.96%, 0, 0, 12, 1932.98, 2023038, 2590
955, 0, 863, 2443, 2161, 887, 8.97%, 0, 0, 12, 2112.69, 2033859, 2593
960, 0, 863, 2443, 2161, 887, 8.97%, 0, 0, 12, 2105.47, 2044359, 2593
965, 0, 1775, 2460, 2177, 895, 9.01%, 0, 0, 12, 1964.25, 2054243, 2605
970, 0, 1775, 2463, 2180, 895, 9.02%, 0, 0, 12, 1906.95, 2063791, 2608
975, 0, 1775, 2467, 2184, 895, 9.03%, 0, 0, 12, 1864.23, 2073257, 2609
980, 0, 2080, 2476, 2192, 909, 9.03%, 0, 0, 12, 1980.30, 2083680, 2610
986, 0, 2080, 2483, 2199, 909, 9.03%, 0, 0, 12, 1830.12, 2092825, 2611
991, 0, 1462, 2489, 2204, 910, 9.04%, 0, 0, 12, 1960.10, 2102700, 2614
996, 0, 2193, 2494, 2208, 910, 9.05%, 0, 0, 12, 1965.77, 2112662, 2615
1001, 0, 2193, 2499, 2213, 910, 9.06%, 0, 0, 12, 2058.05, 2123089, 2618
1006, 0, 1296, 2500, 2210, 908, 9.06%, 0, 0, 12, 2039.87, 2133486, 2618
1011, 0, 1901, 2507, 2215, 907, 9.08%, 0, 0, 12, 1948.92, 2143369, 2624
1016, 0, 1901, 2512, 2220, 907, 9.09%, 0, 0, 12, 1978.03, 2153198, 2629
1021, 0, 1901, 2520, 2228, 907, 9.12%, 0, 0, 12, 2043.98, 2163622, 2636
1026, 0, 2431, 2530, 2236, 924, 9.14%, 0, 0, 13, 2076.71, 2174414, 2642
1031, 0, 2431, 2539, 2245, 924, 9.16%, 0, 0, 13, 2081.40, 2184932, 2648
1036, 0, 2431, 2551, 2257, 924, 9.19%, 0, 0, 13, 2047.99, 2195348, 2658
1041, 0, 1253, 2562, 2267, 939, 9.23%, 0, 0, 13, 1709.27, 2204064, 2667
1046, 0, 1253, 2564, 2269, 939, 9.23%, 0, 0, 13, 1498.00, 2211155, 2668
1052, 0, 1253, 2568, 2273, 939, 9.23%, 0, 0, 13, 1667.29, 2219963, 2669
1057, 0, 1253, 2573, 2278, 939, 9.25%, 0, 0, 13, 1661.64, 2228479, 2675
1062, 0, 2395, 2582, 2284, 942, 9.25%, 0, 0, 13, 1776.80, 2237661, 2675
1067, 0, 2395, 2590, 2292, 942, 9.26%, 0, 0, 13, 1687.16, 2246127, 2676
1072, 0, 2395, 2591, 2293, 942, 9.26%, 0, 0, 13, 1771.72, 2255052, 2676
1077, 0, 2032, 2634, 2335, 943, 9.39%, 0, 0, 13, 1845.39, 2264507, 2714
1082, 0, 2032, 2654, 2355, 943, 9.43%, 0, 0, 13, 1852.34, 2273935, 2727
1087, 0, 2032, 2659, 2360, 943, 9.45%, 0, 0, 13, 1788.62, 2282824, 2731
1092, 0, 2450, 2663, 2362, 995, 9.45%, 0, 0, 13, 1731.91, 2291561, 2732
1097, 0, 2450, 2666, 2365, 995, 9.45%, 0, 0, 13, 1810.46, 2300770, 2732
1102, 0, 2450, 2667, 2366, 995, 9.45%, 0, 0, 13, 1805.89, 2309836, 2733
1107, 0, 347, 2670, 2362, 992, 9.46%, 0, 0, 13, 1905.03, 2319965, 2736
1112, 0, 1793, 2674, 2363, 989, 9.46%, 0, 0, 13, 1866.53, 2329607, 2736
1117, 0, 1793, 2676, 2365, 989, 9.46%, 0, 0, 13, 1729.93, 2338434, 2736
1122, 0, 1793, 2676, 2365, 989, 9.46%, 0, 0, 13, 1745.64, 2347138, 2736
1127, 0, 947, 2677, 2360, 984, 9.47%, 0, 0, 13, 1868.31, 2356692, 2738
1133, 0, 1401, 2685, 2366, 984, 9.48%, 0, 0, 13, 1875.36, 2366229, 2741
1138, 0, 1401, 2694, 2375, 984, 9.51%, 0, 0, 13, 1834.37, 2375338, 2750
1143, 0, 1401, 2697, 2378, 984, 9.51%, 0, 0, 13, 1607.39, 2383623, 2750
1148, 0, 1948, 2707, 2386, 986, 9.51%, 0, 0, 13, 1943.73, 2393572, 2750
1153, 0, 847, 2715, 2392, 985, 9.53%, 0, 0, 13, 2092.29, 2404616, 2755
1158, 0, 847, 2725, 2402, 985, 9.55%, 0, 0, 13, 2052.04, 2415182, 2760
1163, 0, 847, 2730, 2407, 985, 9.56%, 0, 0, 13, 2047.55, 2425426, 2765
1168, 0, 1447, 2733, 2407, 998, 9.58%, 0, 0, 13, 2038.05, 2435648, 2768
1173, 0, 2022, 2738, 2406, 994, 9.58%, 0, 0, 13, 2157.34, 2446735, 2770
1178, 0, 2476, 2741, 2408, 994, 9.58%, 0, 0, 13, 2070.83, 2457201, 2770
1183, 0, 1328, 2743, 2403, 987, 9.58%, 0, 0, 13, 2097.45, 2467164, 2770
1189, 0, 1622, 2753, 2409, 984, 9.60%, 0, 0, 13, 2247.90, 2478863, 2774
1194, 0, 1622, 2759, 2415, 984, 9.61%, 0, 0, 13, 2208.29, 2489949, 2778
1199, 0, 1622, 2765, 2421, 984, 9.61%, 0, 0, 13, 2221.14, 2501167, 2778
1204, 0, 2169, 2771, 2425, 989, 9.61%, 0, 0, 13, 2195.79, 2512101, 2778
1209, 0, 2038, 2793, 2446, 988, 9.67%, 0, 0, 13, 2174.82, 2522805, 2795
1214, 0, 2038, 2814, 2467, 988, 9.72%, 0, 0, 13, 2171.93, 2534089, 2810
1219, 0, 2745, 2817, 2467, 1018, 9.73%, 0, 0, 13, 2249.63, 2545848, 2812
1224, 0, 2250, 2824, 2469, 1013, 9.73%, 0, 0, 13, 2217.42, 2557185, 2812
1229, 0, 2250, 2829, 2474, 1013, 9.73%, 0, 0, 13, 2164.85, 2568018, 2814
1234, 0, 2250, 2832, 2477, 1013, 9.73%, 0, 0, 13, 2127.14, 2579020, 2814
1240, 0, 1031, 2839, 2481, 1014, 9.73%, 0, 0, 13, 2183.36, 2590203, 2814
1245, 0, 1031, 2840, 2482, 1014, 9.73%, 0, 0, 13, 2185.25, 2601218, 2814
1250, 0, 1031, 2841, 2483, 1014, 9.73%, 0, 0, 13, 2203.86, 2612376, 2814
1255, 0, 2356, 2847, 2486, 1012, 9.73%, 0, 0, 13, 2166.28, 2623226, 2814
1260, 0, 2356, 2859, 2498, 1012, 9.74%, 0, 0, 13, 2128.60, 2633924, 2815
1265, 0, 2356, 2871, 2510, 1012, 9.75%, 0, 0, 13, 2140.54, 2644718, 2819
1270, 0, 2207, 2876, 2510, 1012, 9.76%, 0, 0, 13, 2247.50, 2656385, 2821
1275, 0, 2427, 2882, 2511, 1006, 9.76%, 0, 0, 13, 2163.80, 2667728, 2822
1280, 0, 2427, 2888, 2517, 1006, 9.77%, 0, 0, 13, 2179.96, 2678735, 2823
1285, 0, 2427, 2890, 2519, 1006, 9.77%, 0, 0, 13, 2126.29, 2689564, 2823
1290, 0, 2824, 2934, 2561, 1006, 9.90%, 0, 0, 13, 2186.89, 2700704, 2861
1295, 0, 2824, 2948, 2575, 1006, 9.93%, 0, 0, 13, 2157.09, 2711536, 2871
1300, 0, 2760, 2958, 2582, 1049, 9.94%, 0, 0, 13, 2227.56, 2722930, 2874
1305, 0, 2760, 2961, 2585, 1049, 9.94%, 0, 0, 13, 2140.98, 2733667, 2874
1310, 0, 2760, 2964, 2588, 1049, 9.94%, 0, 0, 13, 2215.03, 2744928, 2874
1316, 0, 2640, 2966, 2589, 1048, 9.94%, 0, 0, 13, 2175.66, 2755929, 2874
1321, 0, 1871, 2969, 2586, 1042, 9.95%, 0, 0, 13, 2227.17, 2767611, 2875
1326, 0, 2028, 2982, 2594, 1038, 9.98%, 0, 0, 13, 2257.78, 2778914, 2884
1331, 0, 2028, 3020, 2632, 1038, 10.08%, 0, 0, 13, 2215.06, 2790095, 2914
1336, 0, 2028, 3030, 2642, 1038, 10.11%, 0, 0, 13, 2186.85, 2801148, 2922
1341, 0, 1326, 3037, 2646, 1076, 10.11%, 0, 0, 13, 2244.09, 2812395, 2924
1346, 0, 1326, 3044, 2653, 1076, 10.14%, 0, 0, 13, 2123.40, 2822978, 2930
1351, 0, 1326, 3051, 2660, 1076, 10.16%, 0, 0, 13, 2121.21, 2833863, 2937
1356, 0, 2801, 3056, 2664, 1093, 10.17%, 0, 0, 13, 2102.07, 2844298, 2941
1361, 0, 2406, 3057, 2659, 1089, 10.17%, 0, 0, 13, 2193.20, 2855528, 2941
1366, 0, 2269, 3060, 2658, 1086, 10.18%, 0, 0, 13, 1996.46, 2865207, 2942
1371, 0, 2475, 3063, 2657, 1084, 10.18%, 0, 0, 13, 1969.16, 2875035, 2943
1376, 0, 2475, 3070, 2664, 1084, 10.19%, 0, 0, 13, 2012.75, 2885229, 2945
1381, 0, 2475, 3072, 2666, 1084, 10.19%, 0, 0, 13, 1958.36, 2894988, 2945
1386, 0, 2420, 3079, 2671, 1084, 10.19%, 0, 0, 13, 1984.04, 2904962, 2945
1392, 0, 2420, 3085, 2677, 1084, 10.19%, 0, 0, 13, 2015.10, 2915244, 2945
1397, 0, 2420, 3086, 2678, 1084, 10.19%, 0, 0, 13, 1985.82, 2925235, 2945
1402, 0, 1931, 3091, 2680, 1084, 10.20%, 0, 0, 13, 1975.42, 2935111, 2948
1407, 0, 2789, 3114, 2702, 1083, 10.26%, 0, 0, 13, 2030.64, 2945056, 2965
1412, 0, 2789, 3122, 2710, 1083, 10.27%, 0, 0, 13, 1937.86, 2955020, 2969
1417, 0, 1979, 3134, 2721, 1104, 10.29%, 0, 0, 13, 2009.61, 2965098, 2974
1422, 0, 1594, 3135, 2717, 1100, 10.29%, 0, 0, 13, 2033.01, 2976063, 2975
1427, 0, 1847, 3142, 2721, 1097, 10.31%, 0, 0, 13, 2186.89, 2987220, 2979
1432, 0, 2870, 3152, 2729, 1098, 10.31%, 0, 0, 13, 2055.38, 2997621, 2979
1437, 0, 2870, 3155, 2732, 1098, 10.31%, 0, 0, 13, 1978.23, 3007521, 2979
1442, 0, 2243, 3163, 2739, 1095, 10.31%, 0, 0, 13, 1926.33, 3017189, 2980
1447, 0, 2413, 3170, 2745, 1094, 10.31%, 0, 0, 13, 2028.12, 3027574, 2981
1452, 0, 2413, 3174, 2749, 1094, 10.32%, 0, 0, 13, 1919.82, 3037218, 2983
1458, 0, 2173, 3177, 2751, 1095, 10.32%, 0, 0, 13, 2016.76, 3047749, 2983
1463, 0, 2034, 3181, 2754, 1094, 10.32%, 0, 0, 13, 1952.52, 3058072, 2983
1468, 0, 1413, 3182, 2753, 1092, 10.32%, 0, 0, 13, 1684.51, 3066479, 2983
1473, 0, 2292, 3185, 2753, 1089, 10.32%, 0, 0, 13, 1720.79, 3075101, 2983
1478, 0, 2559, 3193, 2760, 1088, 10.33%, 0, 0, 13, 1937.37, 3085302, 2985
1483, 0, 2559, 3194, 2761, 1088, 10.33%, 0, 0, 13, 2091.46, 3096063, 2986
1488, 0, 2559, 3197, 2764, 1088, 10.33%, 0, 0, 13, 2166.42, 3106817, 2986
1493, 0, 2266, 3199, 2761, 1086, 10.34%, 0, 0, 13, 2136.80, 3117821, 2988
1499, 0, 877, 3202, 2757, 1082, 10.35%, 0, 0, 13, 2132.39, 3128750, 2991
1504, 0, 2964, 3204, 2752, 1076, 10.35%, 0, 0, 13, 2106.47, 3139692, 2991
1509, 0, 2471, 3225, 2768, 1073, 10.41%, 0, 0, 13, 1966.99, 3149972, 3009
1514, 0, 2471, 3267, 2810, 1073, 10.52%, 0, 0, 13, 1947.28, 3159962, 3042
1519, 0, 2471, 3276, 2819, 1073, 10.54%, 0, 0, 13, 1945.22, 3169956, 3048
1524, 0, 1874, 3279, 2819, 1120, 10.54%, 0, 0, 13, 1916.92, 3179328, 3048
1530, 0, 1972, 3280, 2816, 1116, 10.54%, 0, 0, 13, 1858.81, 3188512, 3048
1535, 0, 1860, 3286, 2817, 1112, 10.55%, 0, 0, 13, 1969.42, 3198637, 3051
1540, 0, 1860, 3311, 2842, 1112, 10.61%, 0, 0, 13, 1921.49, 3208138, 3067
1545, 0, 1860, 3315, 2846, 1112, 10.62%, 0, 0, 13, 1991.95, 3218184, 3071
1550, 0, 1860, 3323, 2854, 1112, 10.64%, 0, 0, 13, 2036.66, 3228478, 3077
1555, 0, 1633, 3323, 2849, 1130, 10.64%, 0, 0, 13, 2085.90, 3239207, 3077
1560, 0, 3048, 3326, 2847, 1126, 10.65%, 0, 0, 13, 1970.99, 3249185, 3079
1565, 0, 2454, 3328, 2845, 1123, 10.65%, 0, 0, 13, 1917.42, 3259108, 3079
1570, 0, 2454, 3331, 2848, 1123, 10.65%, 0, 0, 13, 1741.88, 3267933, 3080
1575, 0, 2454, 3331, 2848, 1123, 10.65%, 0, 0, 13, 1894.09, 3277586, 3080
1580, 0, 786, 3331, 2845, 1121, 10.65%, 0, 0, 13, 2053.94, 3287885, 3080
1585, 0, 587, 3331, 2837, 1113, 10.65%, 0, 0, 13, 2072.34, 3298448, 3080
1590, 0, 2942, 3341, 2846, 1112, 10.68%, 0, 0, 14, 1957.96, 3308462, 3086
1595, 0, 2942, 3349, 2854, 1112, 10.69%, 0, 0, 14, 2006.35, 3318565, 3090
1600, 0, 2399, 3365, 2869, 1119, 10.73%, 0, 0, 14, 2011.17, 3328843, 3101
1605, 0, 2399, 3378, 2882, 1119, 10.77%, 0, 0, 14, 2028.83, 3339174, 3113
1610, 0, 2399, 3387, 2891, 1119, 10.79%, 0, 0, 14, 1911.14, 3348535, 3119
1615, 0, 2704, 3393, 2895, 1144, 10.81%, 0, 0, 14, 2025.07, 3359003, 3124
1620, 0, 2704, 3398, 2900, 1144, 10.81%, 0, 0, 14, 2001.98, 3369158, 3124
1626, 0, 2704, 3402, 2904, 1144, 10.81%, 0, 0, 14, 1832.69, 3378210, 3125
1631, 0, 2183, 3404, 2900, 1133, 10.81%, 0, 0, 14, 1902.40, 3388128, 3125
1636, 0, 1618, 3425, 2919, 1130, 10.87%, 0, 0, 14, 1961.93, 3398390, 3143
1641, 0, 1618, 3443, 2937, 1130, 10.91%, 0, 0, 14, 2020.83, 3408633, 3155
1646, 0, 1618, 3454, 2948, 1130, 10.95%, 0, 0, 14, 1891.23, 3418274, 3164
1651, 0, 1618, 3470, 2964, 1130, 10.98%, 0, 0, 14, 1782.91, 3427009, 3175
1656, 0, 1588, 3480, 2973, 1173, 10.99%, 0, 0, 14, 1790.17, 3436317, 3178
1661, 0, 1588, 3488, 2981, 1173, 10.99%, 0, 0, 14, 1860.46, 3446019, 3178
1667, 0, 1588, 3491, 2984, 1173, 10.99%, 0, 0, 14, 1886.76, 3455845, 3178
1672, 0, 1476, 3504, 2996, 1170, 11.04%, 0, 0, 14, 1885.18, 3465120, 3190
1677, 0, 1476, 3508, 3000, 1170, 11.04%, 0, 0, 14, 1964.95, 3475530, 3191
1682, 0, 1476, 3509, 3001, 1170, 11.04%, 0, 0, 14, 1928.38, 3485263, 3192
1687, 0, 1476, 3513, 3005, 1170, 11.05%, 0, 0, 14, 1966.45, 3495371, 3195
1692, 0, 2162, 3515, 3003, 1170, 11.06%, 0, 0, 14, 1951.92, 3504875, 3196
1697, 0, 2302, 3520, 3006, 1168, 11.06%, 0, 0, 14, 2042.46, 3515307, 3197
1702, 0, 2302, 3521, 3007, 1168, 11.06%, 0, 0, 14, 2089.36, 3526234, 3197
1708, 0, 2940, 3523, 3007, 1167, 11.06%, 0, 0, 14, 2077.13, 3536937, 3197
1713, 0, 2940, 3530, 3014, 1167, 11.06%, 0, 0, 14, 2130.25, 3547617, 3198
1718, 0, 2940, 3535, 3019, 1167, 11.07%, 0, 0, 14, 1995.69, 3557736, 3199
1723, 0, 2911, 3538, 3019, 1168, 11.07%, 0, 0, 14, 2027.64, 3568411, 3201
1728, 0, 2984, 3539, 3015, 1165, 11.07%, 0, 0, 14, 1864.12, 3578387, 3201
1733, 0, 3265, 3549, 3024, 1164, 11.09%, 0, 0, 14, 1974.87, 3588855, 3205
1738, 0, 3265, 3552, 3027, 1164, 11.09%, 0, 0, 14, 2056.68, 3599294, 3205
1743, 0, 3112, 3552, 3024, 1164, 11.09%, 0, 0, 14, 2063.85, 3609853, 3205
1748, 0, 1327, 3556, 3024, 1160, 11.09%, 0, 0, 14, 2039.49, 3620223, 3205
1753, 0, 2860, 3635, 3100, 1157, 11.32%, 0, 0, 14, 2084.62, 3630854, 3271
1758, 0, 2860, 3673, 3138, 1157, 11.39%, 0, 0, 14, 2051.53, 3641288, 3292
1763, 0, 2860, 3694, 3159, 1157, 11.42%, 0, 0, 14, 2052.37, 3651685, 3300
1768, 0, 2345, 3696, 3156, 1239, 11.42%, 0, 0, 14, 2071.35, 3662486, 3301
1774, 0, 3579, 3713, 3172, 1238, 11.44%, 0, 0, 14, 1968.69, 3672437, 3307
1779, 0, 3579, 3726, 3185, 1238, 11.44%, 0, 0, 14, 2031.21, 3682701, 3307
1784, 0, 3042, 3729, 3187, 1238, 11.44%, 0, 0, 14, 2095.48, 3693244, 3307
1789, 0, 1788, 3734, 3189, 1236, 11.44%, 0, 0, 14, 2057.39, 3703745, 3307
1794, 0, 1788, 3735, 3190, 1236, 11.44%, 0, 0, 14, 2074.31, 3714412, 3308
1799, 0, 3004, 3742, 3196, 1236, 11.45%, 0, 0, 14, 2043.75, 3724726, 3311
1804, 0, 3004, 3750, 3204, 1236, 11.47%, 0, 0, 14, 2056.79, 3735353, 3316
1809, 0, 3004, 3756, 3210, 1236, 11.49%, 0, 0, 14, 2083.80, 3745932, 3321
1814, 0, 1817, 3759, 3209, 1241, 11.49%, 0, 0, 14, 2152.99, 3756606, 3321
1819, 0, 3103, 3763, 3208, 1238, 11.50%, 0, 0, 14, 2168.92, 3767534, 3324
1824, 0, 2676, 3777, 3220, 1240, 11.54%, 0, 0, 14, 2060.45, 3777716, 3337
1829, 0, 2676, 3788, 3231, 1240, 11.57%, 0, 0, 14, 2015.88, 3787837, 3344
1834, 0, 2676, 3793, 3236, 1240, 11.57%, 0, 0, 14, 1993.17, 3797880, 3346
1839, 0, 2949, 3794, 3233, 1249, 11.57%, 0, 0, 14, 2158.01, 3808882, 3346
1845, 0, 2262, 3794, 3227, 1243, 11.57%, 0, 0, 14, 2156.41, 3819979, 3346
1850, 0, 3624, 3800, 3230, 1240, 11.57%, 0, 0, 14, 2089.19, 3830560, 3346
1855, 0, 3624, 3809, 3239, 1240, 11.58%, 0, 0, 14, 2026.56, 3840709, 3347
1860, 0, 3624, 3825, 3255, 1240, 11.58%, 0, 0, 14, 2114.75, 3851735, 3347
1865, 0, 2501, 3830, 3257, 1237, 11.58%, 0, 0, 14, 2094.05, 3862297, 3348
1870, 0, 2501, 3836, 3263, 1237, 11.59%, 0, 0, 14, 2149.50, 3873202, 3349
1875, 0, 2501, 3840, 3267, 1237, 11.59%, 0, 0, 14, 2061.76, 3883482, 3350
1880, 0, 2103, 3857, 3283, 1242, 11.63%, 0, 0, 14, 2172.14, 3894737, 3363
1885, 0, 2103, 3871, 3297, 1242, 11.66%, 0, 0, 14, 2045.80, 3904949, 3372
1890, 0, 2103, 3881, 3307, 1242, 11.69%, 0, 0, 14, 2088.11, 3915843, 3378
1895, 0, 2148, 3886, 3308, 1265, 11.69%, 0, 0, 14, 2036.98, 3926160, 3380
1901, 0, 2148, 3894, 3316, 1265, 11.70%, 0, 0, 14, 2096.71, 3937078, 3383
1906, 0, 2148, 3896, 3318, 1265, 11.70%, 0, 0, 14, 2060.41, 3947506, 3383
1911, 0, 2341, 3903, 3323, 1269, 11.70%, 0, 0, 14, 2147.90, 3958468, 3383
1916, 0, 2341, 3907, 3327, 1269, 11.70%, 0, 0, 14, 2100.80, 3969055, 3383
1921, 0, 2341, 3909, 3329, 1269, 11.71%, 0, 0, 14, 2023.25, 3979149, 3384
1926, 0, 1156, 3910, 3325, 1266, 11.71%, 0, 0, 14, 2136.10, 3989924, 3385
1931, 0, 2496, 3924, 3336, 1263, 11.74%, 0, 0, 14, 2127.38, 4000736, 3393
1936, 0, 2496, 3927, 3339, 1263, 11.74%, 0, 0, 14, 2138.67, 4011425, 3393
1941, 0, 3039, 3928, 3339, 1269, 11.74%, 0, 0, 14, 2126.63, 4021986, 3393
1946, 0, 3794, 3931, 3337, 1265, 11.74%, 0, 0, 15, 2124.07, 4032655, 3393
1951, 0, 3794, 3941, 3347, 1265, 11.74%, 0, 0, 15, 2045.53, 4042707, 3393
1956, 0, 3794, 3950, 3356, 1265, 11.74%, 0, 0, 15, 2093.90, 4053218, 3393
1961, 0, 3794, 3960, 3366, 1265, 11.74%, 0, 0, 15, 2023.31, 4063200, 3394
1966, 0, 2571, 3979, 3382, 1262, 11.78%, 0, 0, 15, 2139.05, 4074121, 3405
1971, 0, 2571, 4014, 3417, 1262, 11.88%, 0, 0, 15, 2067.74, 4084409, 3433
1976, 0, 2571, 4040, 3443, 1262, 11.92%, 0, 0, 15, 2072.83, 4094923, 3447
1981, 0, 2804, 4056, 3458, 1308, 11.97%, 0, 0, 15, 2072.84, 4105280, 3460
1986, 0, 3134, 4059, 3456, 1303, 11.98%, 0, 0, 15, 2156.19, 4116355, 3463
1991, 0, 3134, 4062, 3459, 1303, 11.98%, 0, 0, 15, 2015.70, 4126390, 3463
1996, 0, 3134, 4066, 3463, 1303, 11.98%, 0, 0, 15, 2067.77, 4136821, 3464
2001, 0, 3774, 4069, 3461, 1303, 11.99%, 0, 0, 15, 2133.14, 4147685, 3465
2006, 0, 4058, 4083, 3473, 1302, 12.02%, 0, 0, 15, 2039.97, 4157956, 3476
2011, 0, 4058, 4171, 3561, 1302, 12.30%, 0, 0, 15, 2075.06, 4168769, 3557
2016, 0, 4058, 4191, 3581, 1302, 12.35%, 0, 0, 15, 2108.15, 4179513, 3569
2022, 0, 3461, 4200, 3587, 1391, 12.37%, 0, 0, 15, 2053.27, 4189909, 3575
2027, 0, 3461, 4215, 3602, 1391, 12.40%, 0, 0, 15, 2076.94, 4200141, 3585
2032, 0, 3461, 4230, 3617, 1391, 12.44%, 0, 0, 15, 2035.00, 4210646, 3595
2037, 0, 3461, 4239, 3626, 1391, 12.46%, 0, 0, 15, 2094.57, 4221219, 3601
2042, 0, 4222, 4246, 3632, 1417, 12.47%, 0, 0, 15, 1866.64, 4230926, 3606
2047, 0, 4222, 4256, 3642, 1417, 12.49%, 0, 0, 15, 1552.31, 4238066, 3612
2052, 0, 4222, 4268, 3654, 1417, 12.52%, 0, 0, 15, 1941.20, 4248349, 3620
2057, 0, 4142, 4271, 3652, 1429, 12.53%, 0, 0, 15, 2071.28, 4258693, 3622
2062, 0, 4142, 4292, 3673, 1429, 12.57%, 0, 0, 15, 2141.08, 4269822, 3634
2067, 0, 4142, 4304, 3685, 1429, 12.58%, 0, 0, 15, 2100.65, 4280406, 3638
2073, 0, 4142, 4321, 3702, 1429, 12.62%, 0, 0, 15, 2155.85, 4291629, 3647
2078, 0, 4182, 4331, 3711, 1454, 12.64%, 0, 0, 15, 2137.36, 4302249, 3654
2083, 0, 4182, 4338, 3718, 1454, 12.65%, 0, 0, 15, 2129.98, 4312924, 3658
2088, 0, 4182, 4343, 3723, 1454, 12.66%, 0, 0, 15, 2121.41, 4323585, 3660
2093, 0, 4087, 4349, 3727, 1463, 12.66%, 0, 0, 15, 2167.54, 4334898, 3661
2098, 0, 4087, 4356, 3734, 1463, 12.67%, 0, 0, 15, 2044.85, 4345070, 3662
2103, 0, 4087, 4361, 3739, 1463, 12.68%, 0, 0, 15, 2101.89, 4355695, 3665
2108, 0, 3963, 4365, 3742, 1465, 12.69%, 0, 0, 15, 2093.94, 4366202, 3668
2113, 0, 3752, 4370, 3742, 1460, 12.69%, 0, 0, 15, 2130.50, 4376946, 3668
2118, 0, 3752, 4375, 3747, 1460, 12.69%, 0, 0, 15, 2089.52, 4387358, 3669
2123, 0, 3752, 4382, 3754, 1460, 12.70%, 0, 0, 15, 2121.22, 4398114, 3671
2128, 0, 2933, 4385, 3752, 1456, 12.70%, 0, 0, 15, 2136.16, 4409179, 3672
2133, 0, 2208, 4393, 3758, 1455, 12.74%, 0, 0, 15, 2116.21, 4420162, 3682
2139, 0, 2208, 4396, 3761, 1455, 12.74%, 0, 0, 15, 2070.72, 4430865, 3683
2144, 0, 2208, 4402, 3767, 1455, 12.75%, 0, 0, 15, 2080.19, 4441526, 3685
2149, 0, 4157, 4404, 3766, 1457, 12.75%, 0, 0, 15, 2096.05, 4452172, 3685
2154, 0, 4157, 4411, 3773, 1457, 12.76%, 0, 0, 15, 2047.83, 4462554, 3688
2159, 0, 4157, 4413, 3775, 1457, 12.76%, 0, 0, 15, 2036.56, 4473128, 3688
2164, 0, 4157, 4415, 3777, 1457, 12.76%, 0, 0, 15, 2096.18, 4483804, 3688
2169, 0, 2822, 4417, 3773, 1454, 12.76%, 0, 0, 15, 2087.88, 4494093, 3688
2174, 0, 2822, 4419, 3775, 1454, 12.76%, 0, 0, 15, 2081.40, 4504603, 3688
2179, 0, 2822, 4421, 3777, 1454, 12.76%, 0, 0, 15, 2050.62, 4514950, 3688
2184, 0, 4283, 4423, 3777, 1452, 12.76%, 0, 0, 16, 2162.85, 4525791, 3689
2189, 0, 3894, 4424, 3773, 1447, 12.76%, 0, 0, 16, 2146.86, 4536940, 3689
2194, 0, 4198, 4431, 3777, 1445, 12.76%, 0, 0, 16, 2167.21, 4547916, 3690
2200, 0, 4198, 4455, 3801, 1445, 12.77%, 0, 0, 16, 2081.32, 4558552, 3692
2205, 0, 4198, 4467, 3813, 1445, 12.78%, 0, 0, 16, 2032.00, 4568592, 3694
2210, 0, 4268, 4474, 3818, 1447, 12.80%, 0, 0, 16, 2170.87, 4579568, 3700
2215, 0, 3971, 4482, 3825, 1446, 12.81%, 0, 0, 16, 2108.26, 4590146, 3702
2220, 0, 3971, 4494, 3837, 1446, 12.83%, 0, 0, 16, 2108.93, 4600856, 3710
2225, 0, 3971, 4503, 3846, 1446, 12.84%, 0, 0, 16, 2065.65, 4611549, 3711
2230, 0, 2769, 4513, 3854, 1452, 12.84%, 0, 0, 16, 2124.98, 4622497, 3711
2235, 0, 2769, 4514, 3855, 1452, 12.84%, 0, 0, 16, 2110.04, 4633004, 3711
2240, 0, 2769, 4514, 3855, 1452, 12.84%, 0, 0, 16, 2086.39, 4643325, 3711
2245, 0, 3264, 4517, 3857, 1453, 12.84%, 0, 0, 16, 2066.76, 4653690, 3711
2250, 0, 4376, 4561, 3900, 1452, 12.96%, 0, 0, 16, 2114.50, 4664289, 3746
2255, 0, 4376, 4576, 3915, 1452, 12.99%, 0, 0, 16, 2116.15, 4675020, 3754
2260, 0, 4458, 4582, 3919, 1494, 13.00%, 0, 0, 16, 2151.09, 4686156, 3758
2265, 0, 3700, 4592, 3928, 1493, 13.00%, 0, 0, 16, 2093.10, 4696587, 3758
2270, 0, 3700, 4599, 3935, 1493, 13.00%, 0, 0, 16, 2077.95, 4707009, 3758
2275, 0, 3700, 4602, 3938, 1493, 13.00%, 0, 0, 16, 2076.30, 4717362, 3758
2281, 0, 4128, 4604, 3936, 1490, 13.00%, 0, 0, 16, 2113.89, 4728466, 3758
2286, 0, 4233, 4604, 3932, 1486, 13.00%, 0, 0, 16, 2060.99, 4738882, 3758
2291, 0, 4430, 4607, 3933, 1484, 13.00%, 0, 0, 16, 2076.24, 4749314, 3758
2296, 0, 3266, 4607, 3928, 1479, 13.00%, 0, 0, 16, 2143.73, 4760197, 3758
2301, 0, 4353, 4612, 3929, 1476, 13.01%, 0, 0, 16, 2114.05, 4771043, 3760
2306, 0, 4353, 4618, 3935, 1476, 13.01%, 0, 0, 16, 2080.88, 4781653, 3760
2311, 0, 4353, 4620, 3937, 1476, 13.01%, 0, 0, 16, 2116.67, 4792603, 3760
2316, 0, 2347, 4622, 3938, 1475, 13.01%, 0, 0, 16, 2095.20, 4803227, 3760
2321, 0, 1134, 4623, 3934, 1470, 13.01%, 0, 0, 16, 2173.49, 4814417, 3760
2326, 0, 3668, 4628, 3937, 1468, 13.01%, 0, 0, 16, 2075.35, 4824939, 3760
2331, 0, 3668, 4633, 3942, 1468, 13.01%, 0, 0, 16, 2075.18, 4835552, 3760
2336, 0, 4360, 4641, 3949, 1468, 13.01%, 0, 0, 16, 2098.80, 4846090, 3761
2342, 0, 4360, 4643, 3951, 1468, 13.01%, 0, 0, 16, 2099.64, 4856909, 3761
2347, 0, 4360, 4643, 3951, 1468, 13.01%, 0, 0, 16, 2049.75, 4867200, 3761
2352, 0, 4360, 4643, 3951, 1468, 13.01%, 0, 0, 16, 2111.66, 4878057, 3761
2357, 0, 3692, 4651, 3958, 1468, 13.01%, 0, 0, 16, 1995.26, 4888158, 3761
2362, 0, 3692, 4652, 3959, 1468, 13.01%, 0, 0, 16, 1788.09, 4897277, 3761
2367, 0, 3737, 4654, 3959, 1466, 13.01%, 0, 0, 16, 1823.04, 4906530, 3761
2372, 0, 4490, 4662, 3965, 1464, 13.01%, 0, 0, 16, 1950.26, 4916624, 3761
2377, 0, 4490, 4666, 3969, 1464, 13.02%, 0, 0, 16, 2049.53, 4927412, 3764
2382, 0, 4490, 4668, 3971, 1464, 13.02%, 0, 0, 16, 2023.83, 4937476, 3764
2387, 0, 3611, 4671, 3970, 1462, 13.02%, 0, 0, 16, 2009.53, 4947552, 3764
2392, 0, 3413, 4673, 3969, 1459, 13.02%, 0, 0, 16, 2070.41, 4957978, 3764
2397, 0, 4578, 4678, 3970, 1456, 13.02%, 0, 0, 16, 2066.54, 4968307, 3764
2402, 0, 4578, 4687, 3979, 1456, 13.04%, 0, 0, 16, 2045.32, 4978635, 3769
2407, 0, 4578, 4692, 3984, 1456, 13.04%, 0, 0, 16, 2133.28, 4989546, 3770
2412, 0, 4578, 4697, 3989, 1456, 13.04%, 0, 0, 16, 2084.04, 5000051, 3770
2417, 0, 4207, 4714, 4004, 1458, 13.07%, 0, 0, 16, 2098.00, 5010595, 3779
2423, 0, 4207, 4722, 4012, 1458, 13.09%, 0, 0, 16, 1993.14, 5020528, 3785
2428, 0, 1767, 4728, 4017, 1474, 13.10%, 0, 0, 16, 2031.92, 5030832, 3788
2433, 0, 4429, 4743, 4031, 1473, 13.10%, 0, 0, 16, 2058.55, 5041256, 3788
2438, 0, 4429, 4756, 4044, 1473, 13.12%, 0, 0, 16, 1998.10, 5051382, 3792
2443, 0, 2713, 4765, 4051, 1473, 13.12%, 0, 0, 16, 2087.00, 5062192, 3792
2448, 0, 4110, 4770, 4053, 1471, 13.13%, 0, 0, 16, 2106.56, 5072778, 3795
2453, 0, 4110, 4773, 4056, 1471, 13.13%, 0, 0, 16, 2081.83, 5083632, 3795
2458, 0, 4110, 4776, 4059, 1471, 13.13%, 0, 0, 16, 2042.82, 5094026, 3795
2463, 0, 2305, 4778, 4060, 1473, 13.14%, 0, 0, 16, 2003.86, 5103980, 3799
2468, 0, 2535, 4784, 4064, 1471, 13.14%, 0, 0, 16, 2031.30, 5114328, 3799
2473, 0, 2535, 4785, 4065, 1471, 13.14%, 0, 0, 16, 1926.74, 5124103, 3799
2478, 0, 4345, 4787, 4066, 1471, 13.14%, 0, 0, 16, 2051.23, 5134483, 3799
2483, 0, 2796, 4790, 4066, 1468, 13.14%, 0, 0, 16, 2107.68, 5145148, 3799
2488, 0, 4335, 4791, 4062, 1463, 13.14%, 0, 0, 16, 2084.86, 5155916, 3799
2493, 0, 4759, 4812, 4082, 1462, 13.15%, 0, 0, 16, 2064.59, 5166339, 3800
2499, 0, 4759, 4823, 4093, 1462, 13.15%, 0, 0, 16, 2051.87, 5176874, 3800
2504, 0, 2216, 4829, 4097, 1460, 13.15%, 0, 0, 16, 2124.06, 5187584, 3801
2509, 0, 2216, 4832, 4100, 1460, 13.15%, 0, 0, 16, 1941.48, 5197057, 3801
2514, 0, 2216, 4832, 4100, 1460, 13.15%, 0, 0, 16, 2024.80, 5207187, 3801
2519, 0, 1600, 4838, 4105, 1461, 13.15%, 0, 0, 16, 2085.80, 5217680, 3801
2524, 0, 1600, 4840, 4107, 1461, 13.15%, 0, 0, 16, 2049.36, 5228108, 3801
2529, 0, 1600, 4840, 4107, 1461, 13.15%, 0, 0, 16, 2097.24, 5238973, 3801
2534, 0, 3909, 4846, 4112, 1461, 13.16%, 0, 0, 16, 2086.46, 5249441, 3804
2539, 0, 3909, 4855, 4121, 1461, 13.19%, 0, 0, 16, 2088.29, 5260041, 3812
2544, 0, 3909, 4855, 4121, 1461, 13.19%, 0, 0, 16, 2068.66, 5270434, 3812
2549, 0, 4277, 4858, 4123, 1470, 13.19%, 0, 0, 16, 2069.25, 5280868, 3812
2554, 0, 4148, 4863, 4125, 1469, 13.19%, 0, 0, 16, 2107.11, 5291340, 3812
2559, 0, 4148, 4866, 4128, 1469, 13.19%, 0, 0, 16, 2095.03, 5301893, 3813
2564, 0, 4148, 4867, 4129, 1469, 13.19%, 0, 0, 16, 2127.50, 5312662, 3813
2569, 0, 4148, 4872, 4134, 1469, 13.19%, 0, 0, 16, 2068.59, 5323130, 3813
2574, 0, 4468, 4874, 4130, 1465, 13.19%, 0, 0, 16, 2162.43, 5334063, 3813
2580, 0, 4468, 4898, 4154, 1465, 13.19%, 0, 0, 16, 2024.54, 5344559, 3813
2585, 0, 4468, 4906, 4162, 1465, 13.19%, 0, 0, 16, 2104.83, 5355231, 3814
2590, 0, 3028, 4908, 4160, 1457, 13.19%, 0, 0, 16, 2099.70, 5365896, 3814
2595, 0, 4646, 4910, 4159, 1454, 13.19%, 0, 0, 16, 2169.11, 5377180, 3814
2600, 0, 4529, 4915, 4159, 1452, 13.31%, 0, 0, 16, 2159.48, 5388152, 3849
2605, 0, 2779, 4917, 4159, 1450, 13.31%, 0, 0, 16, 2159.64, 5398904, 3849
2610, 0, 4758, 4925, 4162, 1446, 13.31%, 0, 0, 16, 2117.41, 5410063, 3849
2615, 0, 4758, 4934, 4171, 1446, 13.31%, 0, 0, 16, 2007.96, 5420202, 3849
2620, 0, 4758, 4942, 4179, 1446, 13.31%, 0, 0, 16, 2072.81, 5430784, 3849
2625, 0, 3475, 4960, 4195, 1444, 13.31%, 0, 0, 16, 2056.22, 5441313, 3849
2630, 0, 3475, 4970, 4205, 1444, 13.31%, 0, 0, 16, 2015.57, 5451499, 3849
2635, 0, 3475, 4984, 4219, 1444, 13.31%, 0, 0, 16, 2132.78, 5462113, 3849
2640, 0, 3956, 4990, 4222, 1440, 13.31%, 0, 0, 16, 2160.83, 5473065, 3849
2645, 0, 3956, 4993, 4225, 1440, 13.31%, 0, 0, 16, 2087.91, 5483358, 3849
2650, 0, 3956, 4994, 4226, 1440, 13.31%, 0, 0, 16, 2067.31, 5493779, 3849
2656, 0, 4427, 4996, 4227, 1439, 13.31%, 0, 0, 16, 2158.19, 5504943, 3849
2661, 0, 3272, 4997, 4223, 1434, 13.31%, 0, 0, 16, 2197.95, 5516384, 3849
2666, 0, 3412, 4997, 4217, 1428, 13.31%, 0, 0, 16, 2191.01, 5527386, 3849
2671, 0, 3762, 5039, 4258, 1427, 13.43%, 0, 0, 16, 2134.50, 5537875, 3882
2676, 0, 3762, 5064, 4283, 1427, 13.49%, 0, 0, 16, 2117.64, 5548466, 3899
2681, 0, 2187, 5076, 4294, 1479, 13.50%, 0, 0, 16, 2107.74, 5559374, 3904
2686, 0, 2939, 5083, 4300, 1478, 13.51%, 0, 0, 16, 2041.25, 5569705, 3905
2691, 0, 2939, 5085, 4302, 1478, 13.51%, 0, 0, 16, 2093.84, 5580341, 3905
2696, 0, 4160, 5091, 4305, 1479, 13.52%, 0, 0, 16, 2088.10, 5591127, 3907
2701, 0, 2579, 5093, 4302, 1474, 13.52%, 0, 0, 16, 2162.42, 5602130, 3907
2707, 0, 1748, 5094, 4299, 1471, 13.54%, 0, 0, 17, 2082.21, 5612446, 3913
2712, 0, 5024, 5095, 4296, 1468, 13.54%, 0, 0, 17, 2072.10, 5622788, 3913
2717, 0, 4478, 5098, 4296, 1466, 13.55%, 0, 0, 17, 2077.11, 5633453, 3916
2722, 0, 3367, 5100, 4295, 1464, 13.55%, 0, 0, 17, 2096.57, 5644331, 3916
2727, 0, 2901, 5103, 4294, 1461, 13.55%, 0, 0, 17, 2107.60, 5655096, 3916
2732, 0, 3175, 5112, 4300, 1458, 13.55%, 0, 0, 17, 2163.34, 5666135, 3916
2737, 0, 3175, 5113, 4301, 1458, 13.55%, 0, 0, 17, 2080.54, 5676575, 3916
2742, 0, 2403, 5118, 4305, 1459, 13.55%, 0, 0, 17, 2073.57, 5687390, 3916
2747, 0, 1103, 5120, 4302, 1455, 13.55%, 0, 0, 17, 2104.75, 5698065, 3917
2752, 0, 2486, 5127, 4308, 1454, 13.55%, 0, 0, 17, 1928.57, 5707654, 3918
2757, 0, 2486, 5134, 4315, 1454, 13.55%, 0, 0, 17, 1949.47, 5717759, 3918
2762, 0, 3487, 5142, 4321, 1452, 13.55%, 0, 0, 17, 2050.88, 5728039, 3918
2768, 0, 3487, 5166, 4345, 1452, 13.55%, 0, 0, 17, 2010.68, 5738389, 3918
2773, 0, 3487, 5187, 4366, 1452, 13.55%, 0, 0, 17, 2031.85, 5748816, 3918
2778, 0, 3993, 5193, 4369, 1447, 13.56%, 0, 0, 17, 2170.85, 5759919, 3919
2783, 0, 2893, 5197, 4370, 1444, 13.56%, 0, 0, 17, 2097.33, 5770549, 3919
2788, 0, 4894, 5216, 4385, 1440, 13.58%, 0, 0, 17, 2135.99, 5781708, 3927
2793, 0, 4894, 5240, 4409, 1440, 13.61%, 0, 0, 17, 2099.00, 5792109, 3933
2798, 0, 4894, 5257, 4426, 1440, 13.62%, 0, 0, 17, 2083.48, 5802495, 3936
2803, 0, 2934, 5265, 4432, 1458, 13.63%, 0, 0, 17, 2102.68, 5813419, 3939
2808, 0, 2934, 5266, 4433, 1458, 13.63%, 0, 0, 17, 2117.30, 5824082, 3939
2814, 0, 4994, 5268, 4434, 1458, 13.63%, 0, 0, 17, 2111.96, 5835100, 3939
2819, 0, 1346, 5268, 4429, 1453, 13.63%, 0, 0, 17, 2222.77, 5846424, 3939
2824, 0, 4891, 5276, 4433, 1449, 13.63%, 0, 0, 17, 2054.79, 5856542, 3939
2829, 0, 4891, 5282, 4439, 1449, 13.63%, 0, 0, 17, 2071.92, 5867003, 3939
2834, 0, 4891, 5287, 4444, 1449, 13.63%, 0, 0, 17, 2077.22, 5877698, 3939
2839, 0, 4677, 5291, 4443, 1443, 13.63%, 0, 0, 17, 2154.74, 5888744, 3939
2844, 0, 4677, 5298, 4450, 1443, 13.63%, 0, 0, 17, 2115.04, 5899281, 3939
2849, 0, 4677, 5299, 4451, 1443, 13.63%, 0, 0, 17, 2077.16, 5909930, 3939
2854, 0, 4677, 5300, 4452, 1443, 13.63%, 0, 0, 17, 2073.18, 5920190, 3939
2859, 0, 3446, 5304, 4452, 1443, 13.63%, 0, 0, 17, 2095.90, 5931093, 3939
2865, 0, 4273, 5308, 4453, 1441, 13.63%, 0, 0, 17, 2123.68, 5942217, 3939
2870, 0, 4273, 5315, 4460, 1441, 13.63%, 0, 0, 17, 2162.97, 5953115, 3939
2875, 0, 4273, 5318, 4463, 1441, 13.63%, 0, 0, 17, 2057.65, 5963426, 3939
2880, 0, 1214, 5321, 4464, 1437, 13.63%, 0, 0, 17, 2159.92, 5974121, 3939
2885, 0, 3118, 5323, 4460, 1431, 13.63%, 0, 0, 17, 2112.20, 5984884, 3939
2890, 0, 5179, 5329, 4463, 1428, 13.63%, 0, 0, 17, 2146.91, 5995837, 3939
2895, 0, 5179, 5344, 4478, 1428, 13.63%, 0, 0, 17, 2096.49, 6006304, 3939
2900, 0, 5179, 5360, 4494, 1428, 13.63%, 0, 0, 17, 2060.47, 6016748, 3939
2905, 0, 3550, 5363, 4494, 1428, 13.63%, 0, 0, 17, 2092.57, 6027765, 3939
2910, 0, 3875, 5364, 4489, 1422, 13.63%, 0, 0, 17, 2055.87, 6038086, 3939
2915, 0, 3153, 5365, 4486, 1418, 13.63%, 0, 0, 17, 2027.33, 6048653, 3939
2920, 0, 4809, 5376, 4496, 1417, 13.64%, 0, 0, 17, 2057.16, 6059095, 3943
2925, 0, 4809, 5377, 4497, 1417, 13.64%, 0, 0, 17, 1973.17, 6068929, 3943
2931, 0, 4911, 5396, 4515, 1417, 13.77%, 0, 0, 17, 2143.63, 6079920, 3981
2936, 0, 4911, 5403, 4522, 1417, 13.80%, 0, 0, 17, 2227.06, 6091703, 3989
2941, 0, 4911, 5405, 4524, 1417, 13.81%, 0, 0, 17, 2195.79, 6102553, 3992
2946, 0, 4760, 5414, 4532, 1436, 13.82%, 0, 0, 17, 2134.28, 6113378, 3995
2951, 0, 4760, 5424, 4542, 1436, 13.82%, 0, 0, 17, 2078.63, 6123630, 3995
2956, 0, 4760, 5428, 4546, 1436, 13.82%, 0, 0, 17, 2117.11, 6134308, 3995
2961, 0, 3508, 5433, 4546, 1433, 13.82%, 0, 0, 17, 2178.75, 6145205, 3996
2966, 0, 4983, 5439, 4551, 1432, 13.83%, 0, 0, 17, 2131.22, 6156028, 3997
2971, 0, 4983, 5445, 4557, 1432, 13.83%, 0, 0, 17, 2022.28, 6165996, 3997
2976, 0, 4987, 5453, 4563, 1431, 13.83%, 0, 0, 17, 2080.16, 6176627, 3998
2981, 0, 4987, 5458, 4568, 1431, 13.83%, 0, 0, 17, 2082.09, 6186953, 3998
2986, 0, 4987, 5460, 4570, 1431, 13.83%, 0, 0, 17, 2055.60, 6197299, 3998
2991, 0, 4987, 5463, 4573, 1431, 13.83%, 0, 0, 17, 2079.13, 6207639, 3998
2996, 0, 4286, 5464, 4568, 1423, 13.83%, 0, 0, 17, 2162.79, 6218471, 3998
3001, 0, 1299, 5470, 4572, 1422, 13.83%, 0, 0, 17, 2072.93, 6228760, 3998
3006, 0, 4656, 5475, 4574, 1421, 13.83%, 0, 0, 17, 2116.34, 6239955, 3999
3012, 0, 4583, 5477, 4573, 1418, 13.83%, 0, 0, 17, 2133.06, 6250621, 3999
3017, 0, 5014, 5480, 4572, 1415, 13.83%, 0, 0, 17, 2173.90, 6261976, 3999
3022, 0, 5065, 5484, 4575, 1414, 13.84%, 0, 0, 17, 2008.84, 6272113, 4001
3027, 0, 5065, 5489, 4580, 1414, 13.84%, 0, 0, 17, 1959.33, 6281935, 4002
3032, 0, 5065, 5491, 4582, 1414, 13.84%, 0, 0, 17, 2007.53, 6292167, 4002
3037, 0, 5481, 5493, 4583, 1416, 13.84%, 0, 0, 17, 2115.47, 6302968, 4002
3042, 0, 1557, 5495, 4581, 1412, 13.84%, 0, 0, 17, 2167.92, 6314006, 4002
3047, 0, 4810, 5498, 4579, 1407, 13.84%, 0, 0, 17, 2141.50, 6324782, 4002
3052, 0, 4810, 5506, 4587, 1407, 13.84%, 0, 0, 17, 2094.66, 6335422, 4002
3057, 0, 4810, 5509, 4590, 1407, 13.84%, 0, 0, 17, 2022.93, 6345615, 4002
3062, 0, 5492, 5514, 4594, 1406, 13.84%, 0, 0, 17, 1969.69, 6355302, 4002
3067, 0, 5492, 5515, 4595, 1406, 13.84%, 0, 0, 17, 2017.46, 6365863, 4002
3072, 0, 5492, 5519, 4599, 1406, 13.84%, 0, 0, 17, 2074.50, 6376350, 4002
3078, 0, 4900, 5522, 4600, 1403, 13.84%, 0, 0, 17, 2120.05, 6387156, 4002
3083, 0, 3742, 5522, 4595, 1398, 13.84%, 0, 0, 17, 2132.72, 6398221, 4002
3088, 0, 5487, 5526, 4597, 1396, 13.84%, 0, 0, 17, 1992.27, 6408129, 4002
3093, 0, 5487, 5530, 4601, 1396, 13.85%, 0, 0, 17, 2030.03, 6418397, 4003
3098, 0, 5487, 5535, 4606, 1396, 13.85%, 0, 0, 17, 2091.57, 6428919, 4003
3103, 0, 4727, 5539, 4608, 1395, 13.85%, 0, 0, 17, 2055.66, 6439122, 4003
3108, 0, 4727, 5544, 4613, 1395, 13.85%, 0, 0, 17, 2104.56, 6449909, 4003
3113, 0, 4727, 5546, 4615, 1395, 13.85%, 0, 0, 17, 2116.64, 6460655, 4003
3118, 0, 5405, 5550, 4618, 1396, 13.88%, 0, 0, 17, 2206.55, 6471780, 4012
3123, 0, 5405, 5552, 4620, 1396, 13.90%, 0, 0, 17, 2219.69, 6482912, 4017
3128, 0, 5405, 5554, 4622, 1396, 13.92%, 0, 0, 17, 2230.53, 6494014, 4024
3133, 0, 2566, 5562, 4626, 1401, 13.93%, 0, 0, 17, 2150.73, 6504883, 4028
3138, 0, 2566, 5567, 4631, 1401, 13.96%, 0, 0, 17, 2052.08, 6515360, 4036
3143, 0, 2566, 5569, 4633, 1401, 13.96%, 0, 0, 17, 1998.48, 6525414, 4036
3149, 0, 2566, 5570, 4634, 1401, 13.96%, 0, 0, 17, 1957.65, 6535489, 4036
3154, 0, 5094, 5571, 4629, 1400, 13.96%, 0, 0, 17, 2041.65, 6546092, 4036
3159, 0, 4484, 5574, 4629, 1399, 13.96%, 0, 0, 17, 2076.58, 6556469, 4036
3164, 0, 3945, 5577, 4628, 1395, 13.96%, 0, 0, 17, 2019.01, 6567120, 4036
3169, 0, 3945, 5581, 4632, 1395, 13.96%, 0, 0, 17, 2052.66, 6577470, 4036
3174, 0, 3945, 5582, 4633, 1395, 13.96%, 0, 0, 17, 2011.98, 6587597, 4036
3179, 0, 3945, 5584, 4635, 1395, 13.96%, 0, 0, 17, 2034.02, 6597779, 4036
3184, 0, 4281, 5588, 4637, 1393, 13.96%, 0, 0, 17, 2050.22, 6608118, 4036
3189, 0, 4281, 5589, 4638, 1393, 13.96%, 0, 0, 17, 2079.89, 6618703, 4036
3194, 0, 4281, 5594, 4643, 1393, 13.96%, 0, 0, 17, 2087.10, 6629480, 4036
3199, 0, 2627, 5597, 4643, 1392, 13.96%, 0, 0, 17, 2111.12, 6640672, 4037
3205, 0, 4372, 5602, 4646, 1390, 13.96%, 0, 0, 17, 2094.85, 6651461, 4037
3210, 0, 4372, 5603, 4647, 1390, 13.96%, 0, 0, 17, 2064.48, 6661885, 4037
3215, 0, 2927, 5604, 4646, 1387, 13.96%, 0, 0, 17, 2172.26, 6673143, 4037
3220, 0, 4371, 5609, 4647, 1384, 13.97%, 0, 0, 17, 2185.95, 6684130, 4038
3225, 0, 4371, 5613, 4651, 1384, 13.97%, 0, 0, 17, 2070.44, 6694374, 4039
3230, 0, 4371, 5614, 4652, 1384, 13.98%, 0, 0, 17, 2095.04, 6704877, 4040
3235, 0, 5095, 5615, 4650, 1385, 13.98%, 0, 0, 17, 2128.19, 6715957, 4041
3240, 0, 3688, 5615, 4644, 1379, 13.98%, 0, 0, 17, 2113.24, 6726566, 4041
3245, 0, 5221, 5628, 4655, 1377, 13.98%, 0, 0, 17, 2016.54, 6736457, 4041
3250, 0, 5221, 5633, 4660, 1377, 13.98%, 0, 0, 17, 2040.82, 6746772, 4041
3255, 0, 4387, 5646, 4672, 1378, 13.98%, 0, 0, 17, 2038.96, 6757309, 4041
3260, 0, 4387, 5653, 4679, 1378, 13.98%, 0, 0, 17, 2071.85, 6767892, 4041
3266, 0, 4387, 5657, 4683, 1378, 13.98%, 0, 0, 17, 2038.42, 6778129, 4042
3271, 0, 4612, 5658, 4681, 1377, 13.99%, 0, 0, 17, 2082.03, 6788614, 4043
3276, 0, 5059, 5663, 4684, 1375, 13.99%, 0, 0, 17, 2112.73, 6799644, 4043
3281, 0, 5059, 5670, 4691, 1375, 13.99%, 0, 0, 17, 2142.69, 6810445, 4043
3286, 0, 5059, 5672, 4693, 1375, 13.99%, 0, 0, 17, 2065.18, 6820715, 4043
3291, 0, 5339, 5677, 4695, 1377, 13.99%, 0, 0, 17, 2131.14, 6831836, 4043
3296, 0, 5339, 5686, 4704, 1377, 13.99%, 0, 0, 17, 2068.36, 6842161, 4043
3301, 0, 5339, 5700, 4718, 1377, 13.99%, 0, 0, 17, 2105.54, 6853249, 4043
3306, 0, 3518, 5701, 4715, 1374, 13.99%, 0, 0, 17, 2041.52, 6863490, 4043
3311, 0, 4194, 5702, 4711, 1369, 13.99%, 0, 0, 17, 2154.45, 6874488, 4043
3316, 0, 5508, 5705, 4712, 1367, 13.99%, 0, 0, 17, 2032.28, 6884592, 4043
3321, 0, 2807, 5706, 4709, 1363, 13.99%, 0, 0, 17, 2093.98, 6895270, 4043
3326, 0, 2176, 5707, 4706, 1360, 13.99%, 0, 0, 17, 2142.06, 6906237, 4043
3331, 0, 4665, 5715, 4709, 1355, 13.99%, 0, 0, 17, 2162.83, 6917293, 4043
3336, 0, 4665, 5720, 4714, 1355, 13.99%, 0, 0, 17, 2088.36, 6927861, 4043
3341, 0, 4665, 5727, 4721, 1355, 13.99%, 0, 0, 17, 2090.17, 6938283, 4043
3347, 0, 4446, 5734, 4726, 1354, 13.99%, 0, 0, 17, 2000.03, 6948341, 4044
3352, 0, 4446, 5738, 4730, 1354, 13.99%, 0, 0, 17, 2023.40, 6958289, 4044
3357, 0, 4446, 5744, 4736, 1354, 13.99%, 0, 0, 17, 1969.98, 6968082, 4045
3362, 0, 770, 5753, 4742, 1354, 14.00%, 0, 0, 17, 1975.84, 6977952, 4046
3367, 0, 770, 5754, 4743, 1354, 14.00%, 0, 0, 17, 2026.32, 6987960, 4046
3372, 0, 770, 5755, 4744, 1354, 14.00%, 0, 0, 17, 2189.74, 6998973, 4046
3377, 0, 2397, 5756, 4743, 1354, 14.00%, 0, 0, 17, 2283.06, 7010615, 4046
3382, 0, 5300, 5756, 4738, 1349, 14.00%, 0, 0, 17, 2211.02, 7021882, 4046
3387, 0, 2200, 5758, 4736, 1346, 14.00%, 0, 0, 17, 2173.36, 7032665, 4046
3392, 0, 5032, 5760, 4733, 1341, 14.00%, 0, 0, 17, 2194.95, 7043573, 4046
3397, 0, 3119, 5761, 4729, 1337, 14.00%, 0, 0, 17, 2282.42, 7055492, 4047
3402, 0, 4500, 5768, 4735, 1336, 14.00%, 0, 0, 17, 2102.16, 7066146, 4047
3407, 0, 4500, 5774, 4741, 1336, 14.00%, 0, 0, 17, 2094.40, 7076734, 4048
3412, 0, 2056, 5777, 4742, 1334, 14.00%, 0, 0, 17, 2138.45, 7087363, 4048
3417, 0, 5436, 5786, 4749, 1332, 14.00%, 0, 0, 17, 2116.59, 7097989, 4048
3422, 0, 5436, 5794, 4757, 1332, 14.00%, 0, 0, 17, 2103.41, 7108595, 4048
3428, 0, 4559, 5796, 4758, 1331, 14.00%, 0, 0, 17, 2081.34, 7119031, 4048
3433, 0, 3200, 5796, 4751, 1324, 14.00%, 0, 0, 17, 2159.01, 7129937, 4048
3438, 0, 5424, 5807, 4761, 1323, 14.00%, 0, 0, 17, 2161.73, 7140837, 4048
3443, 0, 5424, 5810, 4764, 1323, 14.00%, 0, 0, 17, 2116.89, 7151803, 4048
3448, 0, 2595, 5814, 4766, 1320, 14.00%, 0, 0, 17, 2151.30, 7162937, 4048
3453, 0, 4804, 5816, 4764, 1316, 14.00%, 0, 0, 17, 2091.92, 7173407, 4048
3458, 0, 4845, 5819, 4762, 1312, 14.00%, 0, 0, 17, 2182.90, 7184477, 4048
3463, 0, 3445, 5820, 4758, 1308, 14.00%, 0, 0, 17, 2165.99, 7195853, 4048
3468, 0, 1941, 5824, 4757, 1305, 14.00%, 0, 0, 17, 2218.14, 7207186, 4048
3473, 0, 4859, 5827, 4757, 1303, 14.00%, 0, 0, 17, 2128.12, 7218046, 4048
3478, 0, 5610, 5829, 4754, 1300, 14.00%, 0, 0, 17, 2217.59, 7229101, 4048
3483, 0, 2045, 5833, 4753, 1296, 14.01%, 0, 0, 17, 2074.27, 7239699, 4049
3488, 0, 4878, 5849, 4768, 1298, 14.01%, 0, 0, 17, 1988.39, 7249881, 4049
3493, 0, 4878, 5866, 4785, 1298, 14.01%, 0, 0, 17, 2035.92, 7260086, 4049
3498, 0, 4840, 5871, 4789, 1301, 14.01%, 0, 0, 17, 2151.01, 7270825, 4049
3504, 0, 5337, 5873, 4785, 1295, 14.01%, 0, 0, 17, 2225.62, 7282435, 4049
3509, 0, 4930, 5881, 4792, 1295, 14.01%, 0, 0, 17, 2105.06, 7292966, 4049
3514, 0, 4930, 5890, 4801, 1295, 14.01%, 0, 0, 17, 2136.56, 7303697, 4049
3519, 0, 2141, 5894, 4804, 1297, 14.01%, 0, 0, 17, 2161.10, 7314378, 4049
3524, 0, 2774, 5899, 4804, 1296, 14.03%, 0, 0, 17, 2303.13, 7325961, 4055
3529, 0, 3432, 5903, 4804, 1291, 14.03%, 0, 0, 17, 1908.26, 7334597, 4055
3534, 0, 3389, 5910, 4809, 1289, 14.03%, 0, 0, 17, 2050.94, 7345343, 4055
3539, 0, 3389, 5918, 4817, 1289, 14.03%, 0, 0, 17, 2104.09, 7355914, 4055
3544, 0, 3341, 5926, 4824, 1290, 14.03%, 0, 0, 17, 2082.96, 7366455, 4055
3549, 0, 5210, 5931, 4828, 1289, 14.03%, 0, 0, 17, 1989.73, 7376516, 4055
3554, 0, 5210, 5935, 4832, 1289, 14.03%, 0, 0, 17, 1896.63, 7386057, 4055
3559, 0, 5291, 5938, 4834, 1289, 14.03%, 0, 0, 17, 2004.40, 7396530, 4055
3565, 0, 4777, 5944, 4839, 1288, 14.03%, 0, 0, 17, 2053.79, 7407258, 4056
3570, 0, 4777, 5946, 4841, 1288, 14.03%, 0, 0, 17, 2043.29, 7417464, 4056
3575, 0, 4777, 5947, 4842, 1288, 14.04%, 0, 0, 17, 2009.97, 7427791, 4059
3580, 0, 5017, 5947, 4841, 1290, 14.04%, 0, 0, 17, 1506.08, 7434733, 4059
3585, 0, 5264, 5954, 4846, 1288, 14.04%, 0, 0, 17, 2000.66, 7445474, 4059
3590, 0, 5264, 5955, 4847, 1288, 14.04%, 0, 0, 17, 2129.31, 7456287, 4059
3595, 0, 5264, 5959, 4851, 1288, 14.04%, 0, 0, 17, 2149.12, 7467025, 4060
3600, 0, 3326, 5961, 4851, 1287, 14.04%, 0, 0, 17, 2139.14, 7478135, 4060
3605, 0, 4380, 5964, 4851, 1285, 14.04%, 0, 0, 17, 2055.67, 7488414, 4060
3610, 0, 5803, 5973, 4856, 1281, 14.04%, 0, 0, 17, 1969.52, 7499063, 4060
3615, 0, 5803, 5982, 4865, 1281, 14.04%, 0, 0, 17, 2000.66, 7508685, 4060
3620, 0, 5803, 5987, 4870, 1281, 14.04%, 0, 0, 17, 2006.79, 7518801, 4060
3625, 0, 3451, 5992, 4873, 1282, 14.04%, 0, 0, 17, 2041.67, 7529123, 4060
3630, 0, 3451, 5995, 4876, 1282, 14.04%, 0, 0, 17, 2000.16, 7539177, 4060
3636, 0, 3451, 5997, 4878, 1282, 14.04%, 0, 0, 17, 1832.67, 7548482, 4060
3641, 0, 5012, 5999, 4879, 1281, 14.04%, 0, 0, 17, 2053.02, 7559298, 4060
3646, 0, 4649, 6005, 4883, 1280, 14.05%, 0, 0, 17, 2005.54, 7569280, 4061
3651, 0, 4649, 6007, 4885, 1280, 14.05%, 0, 0, 17, 1832.60, 7577942, 4061
3656, 0, 4649, 6007, 4885, 1280, 14.05%, 0, 0, 17, 2000.80, 7588223, 4061
3661, 0, 3541, 6007, 4883, 1279, 14.05%, 0, 0, 17, 2041.19, 7598851, 4061
3666, 0, 5409, 6015, 4889, 1277, 14.05%, 0, 0, 17, 1987.88, 7608786, 4061
3671, 0, 5409, 6022, 4896, 1277, 14.05%, 0, 0, 17, 2026.72, 7619063, 4061
3676, 0, 5924, 6025, 4898, 1276, 14.05%, 0, 0, 17, 2015.92, 7629180, 4061
3681, 0, 3620, 6029, 4899, 1273, 14.05%, 0, 0, 17, 2095.35, 7640078, 4061
3686, 0, 4556, 6029, 4895, 1269, 14.05%, 0, 0, 17, 2193.51, 7651302, 4061
3691, 0, 1809, 6041, 4906, 1268, 14.05%, 0, 0, 17, 2152.75, 7662025, 4062
3697, 0, 1809, 6043, 4908, 1268, 14.06%, 0, 0, 17, 2074.09, 7672850, 4064
3699, 0, 1809, 6043, 4908, 1268, 14.06%, 0, 0, 17, 2115.64, 7677820, 4064
