# relative_time, cycles_done, cur_item, corpus_count, pending_total, pending_favs, map_size, saved_crashes, saved_hangs, max_depth, execs_per_sec, total_execs, edges_found
60, 0, 395, 469, 464, 161, 2.71%, 0, 1, 4, 1690.64, 105275, 1488
65, 0, 395, 481, 476, 161, 2.72%, 0, 1, 4, 1778.83, 114116, 1493
70, 0, 395, 488, 483, 161, 2.73%, 0, 1, 4, 1750.54, 122898, 1497
75, 0, 395, 500, 495, 161, 2.74%, 0, 1, 4, 1596.25, 131188, 1502
80, 0, 105, 506, 498, 171, 2.75%, 0, 1, 4, 1649.47, 139827, 1506
86, 0, 405, 520, 505, 167, 2.75%, 0, 1, 4, 1639.61, 148702, 1511
91, 0, 405, 539, 524, 167, 2.77%, 0, 1, 4, 1719.54, 157367, 1522
96, 0, 405, 555, 540, 167, 2.78%, 0, 1, 4, 1673.76, 166042, 1526
101, 0, 405, 566, 551, 167, 2.79%, 0, 1, 4, 1580.90, 173937, 1533
106, 0, 554, 570, 552, 176, 2.80%, 0, 1, 4, 1658.98, 181773, 1537
111, 0, 473, 581, 562, 175, 2.81%, 0, 1, 5, 1717.11, 190602, 1539
116, 0, 473, 587, 568, 175, 2.81%, 0, 1, 5, 1662.39, 198789, 1539
121, 0, 473, 593, 574, 175, 2.81%, 0, 1, 5, 1419.77, 206400, 1544
126, 0, 473, 597, 578, 175, 2.82%, 0, 2, 5, 61.47, 213809, 1546
131, 0, 563, 606, 586, 179, 2.83%, 0, 2, 5, 1849.88, 222851, 1554
137, 0, 563, 613, 593, 179, 2.84%, 0, 2, 5, 1825.73, 232019, 1556
142, 0, 563, 620, 600, 179, 2.85%, 0, 3, 5, 239.87, 239197, 1561
147, 0, 563, 629, 609, 179, 2.87%, 0, 3, 5, 1723.43, 247768, 1574
152, 0, 350, 636, 612, 185, 2.88%, 0, 3, 5, 1668.41, 256399, 1577
157, 0, 350, 642, 618, 185, 2.88%, 0, 3, 5, 1740.84, 265132, 1581
162, 0, 350, 645, 621, 185, 2.88%, 0, 3, 5, 1851.14, 274597, 1582
167, 0, 350, 650, 626, 185, 2.89%, 0, 3, 5, 1798.81, 283738, 1584
172, 0, 368, 663, 632, 182, 2.90%, 0, 3, 5, 1778.60, 292694, 1589
177, 0, 368, 676, 645, 182, 2.91%, 0, 4, 5, 1426.64, 299751, 1598
182, 0, 368, 689, 658, 182, 2.92%, 0, 4, 5, 1425.58, 307101, 1600
187, 0, 368, 698, 667, 182, 2.92%, 0, 4, 5, 1551.31, 315301, 1601
192, 0, 368, 706, 675, 182, 2.93%, 0, 4, 5, 1490.99, 322866, 1605
197, 0, 310, 724, 689, 184, 2.95%, 0, 4, 5, 1421.12, 330303, 1616
202, 0, 310, 737, 702, 184, 2.97%, 0, 4, 5, 1620.73, 338259, 1629
207, 0, 310, 737, 702, 184, 2.97%, 0, 4, 5, 1568.52, 346099, 1629
212, 0, 310, 737, 702, 184, 2.97%, 0, 4, 5, 1534.09, 353818, 1629
217, 0, 675, 751, 714, 191, 2.98%, 0, 4, 5, 1668.05, 362378, 1633
222, 0, 675, 757, 720, 191, 2.98%, 0, 5, 5, 1014.68, 368516, 1635
228, 0, 675, 760, 723, 191, 2.99%, 0, 5, 5, 1102.49, 374443, 1639
233, 0, 675, 771, 734, 191, 3.00%, 0, 5, 5, 1508.66, 382394, 1648
238, 0, 221, 777, 738, 201, 3.02%, 0, 5, 6, 1788.42, 391857, 1654
243, 0, 531, 781, 736, 197, 3.02%, 0, 6, 6, 1934.06, 398775, 1655
248, 0, 364, 811, 764, 195, 3.07%, 0, 6, 6, 1649.33, 406589, 1683
253, 0, 364, 818, 771, 195, 3.07%, 0, 6, 6, 1555.17, 413859, 1685
258, 0, 364, 825, 778, 195, 3.08%, 0, 6, 6, 1484.44, 421087, 1689
263, 0, 364, 827, 780, 195, 3.08%, 0, 6, 6, 1519.55, 429112, 1689
268, 0, 571, 834, 783, 202, 3.08%, 0, 6, 6, 1588.48, 436797, 1691
273, 0, 571, 845, 794, 202, 3.10%, 0, 6, 6, 1498.96, 444485, 1699
278, 0, 571, 847, 796, 202, 3.10%, 0, 6, 6, 1646.71, 452929, 1699
283, 0, 571, 850, 799, 202, 3.10%, 0, 6, 6, 1755.53, 461790, 1699
288, 0, 571, 851, 800, 202, 3.10%, 0, 6, 6, 1683.97, 470300, 1699
293, 0, 752, 860, 804, 203, 3.11%, 0, 6, 6, 1664.51, 478228, 1707
298, 0, 752, 867, 811, 203, 3.12%, 0, 7, 6, 1756.54, 485607, 1712
304, 0, 752, 868, 812, 203, 3.12%, 0, 7, 6, 1767.37, 494434, 1712
309, 0, 752, 871, 815, 203, 3.12%, 0, 8, 6, 1837.62, 501732, 1714
314, 0, 262, 875, 816, 207, 3.13%, 0, 8, 6, 1674.41, 510153, 1715
319, 0, 34, 879, 816, 204, 3.13%, 0, 8, 7, 1580.89, 517762, 1715
324, 0, 765, 901, 835, 201, 3.15%, 0, 8, 7, 1548.80, 525730, 1728
329, 0, 765, 909, 843, 201, 3.16%, 0, 8, 7, 1581.57, 533741, 1733
334, 0, 765, 919, 853, 201, 3.16%, 0, 8, 7, 1668.69, 542707, 1736
339, 0, 765, 925, 859, 201, 3.19%, 0, 8, 7, 1784.35, 551738, 1747
344, 0, 754, 930, 860, 208, 3.21%, 0, 8, 7, 1816.19, 561284, 1760
349, 0, 910, 942, 871, 207, 3.21%, 0, 8, 7, 1659.24, 569615, 1762
354, 0, 910, 944, 873, 207, 3.21%, 0, 8, 7, 1645.74, 577656, 1762
359, 0, 910, 948, 877, 207, 3.22%, 0, 9, 7, 1643.63, 583829, 1765
365, 0, 910, 955, 884, 207, 3.23%, 0, 9, 7, 1570.97, 591600, 1769
370, 0, 925, 959, 885, 209, 3.23%, 0, 9, 7, 1684.06, 600027, 1769
375, 0, 722, 967, 892, 208, 3.23%, 0, 10, 7, 519.96, 601789, 1769
380, 0, 722, 972, 897, 208, 3.23%, 0, 11, 7, 610.40, 604041, 1769
385, 0, 722, 973, 898, 208, 3.23%, 0, 11, 7, 772.09, 606959, 1769
390, 0, 722, 976, 901, 208, 3.23%, 0, 11, 7, 650.49, 609986, 1769
395, 0, 722, 978, 903, 208, 3.23%, 0, 11, 7, 620.47, 613016, 1769
400, 0, 722, 980, 905, 208, 3.23%, 0, 11, 7, 605.37, 616275, 1770
406, 0, 722, 981, 906, 208, 3.23%, 0, 11, 7, 597.40, 619219, 1770
411, 0, 722, 981, 906, 208, 3.23%, 0, 11, 7, 617.22, 622366, 1770
416, 0, 722, 981, 906, 208, 3.23%, 0, 12, 7, 414.43, 624048, 1770
421, 0, 722, 981, 906, 208, 3.23%, 0, 12, 7, 551.14, 627023, 1770
426, 0, 722, 982, 907, 208, 3.23%, 0, 13, 7, 693.61, 629545, 1770
431, 0, 722, 983, 908, 208, 3.23%, 0, 13, 7, 609.91, 632621, 1770
437, 0, 968, 983, 906, 210, 3.23%, 0, 14, 7, 2.75, 634849, 1770
442, 0, 751, 985, 905, 207, 3.23%, 0, 14, 7, 1033.79, 638767, 1770
447, 0, 360, 993, 909, 204, 3.23%, 0, 14, 7, 1536.82, 647545, 1770
452, 0, 360, 1003, 919, 204, 3.23%, 0, 14, 7, 1590.59, 655566, 1770
457, 0, 360, 1010, 926, 204, 3.23%, 0, 14, 7, 1703.56, 664228, 1771
462, 0, 360, 1013, 929, 204, 3.23%, 0, 14, 7, 1706.07, 672952, 1771
468, 0, 818, 1017, 927, 198, 3.23%, 0, 14, 7, 1723.84, 681755, 1773
473, 0, 818, 1022, 932, 198, 3.24%, 0, 14, 7, 1603.95, 689600, 1778
478, 0, 818, 1024, 934, 198, 3.24%, 0, 14, 7, 1472.17, 696701, 1778
483, 0, 818, 1026, 936, 198, 3.24%, 0, 14, 7, 1603.36, 704989, 1779
488, 0, 818, 1029, 939, 198, 3.25%, 0, 14, 7, 1644.81, 713235, 1781
493, 0, 731, 1031, 938, 198, 3.25%, 0, 14, 7, 296.33, 718580, 1781
498, 0, 1024, 1032, 931, 191, 3.25%, 0, 14, 7, 1373.50, 727088, 1782
503, 0, 211, 1034, 931, 189, 3.25%, 0, 14, 7, 1565.00, 730020, 1782
508, 0, 777, 1036, 927, 183, 3.25%, 0, 15, 7, 1695.00, 736797, 1782
513, 0, 941, 1042, 930, 180, 3.25%, 0, 15, 8, 1692.29, 745344, 1782
518, 0, 941, 1047, 935, 180, 3.25%, 0, 15, 8, 1631.92, 753460, 1782
523, 0, 941, 1048, 936, 180, 3.25%, 0, 15, 8, 1623.75, 761723, 1782
528, 0, 941, 1051, 939, 180, 3.25%, 0, 15, 8, 1585.21, 769411, 1784
534, 0, 340, 1052, 939, 178, 3.25%, 0, 16, 8, 469.94, 774255, 1784
539, 0, 617, 1053, 938, 177, 3.26%, 0, 16, 8, 1389.18, 776488, 1786
544, 0, 257, 1055, 934, 174, 3.26%, 0, 16, 8, 1580.20, 784861, 1788
549, 0, 219, 1058, 932, 171, 3.27%, 0, 16, 8, 1439.37, 791732, 1792
554, 0, 848, 1062, 933, 170, 3.27%, 0, 18, 8, 1322.26, 796504, 1794
559, 0, 507, 1065, 931, 166, 3.27%, 0, 19, 8, 1824.03, 803158, 1795
564, 0, 228, 1070, 927, 161, 3.29%, 0, 19, 8, 1678.86, 811415, 1803
569, 0, 907, 1073, 927, 159, 3.29%, 0, 19, 8, 1551.75, 819209, 1804
574, 0, 435, 1075, 923, 155, 3.31%, 0, 19, 8, 1635.11, 827532, 1814
579, 0, 1026, 1080, 926, 153, 3.31%, 0, 19, 8, 1606.16, 835791, 1817
585, 0, 1026, 1083, 929, 153, 3.32%, 0, 19, 8, 1665.83, 844349, 1822
591, 0, 1026, 1083, 929, 153, 3.32%, 0, 21, 8, 151.49, 850245, 1822
596, 0, 1026, 1086, 932, 153, 3.32%, 0, 21, 8, 1406.02, 857548, 1822
601, 0, 441, 1088, 933, 154, 3.32%, 0, 21, 8, 1537.90, 865702, 1822
607, 0, 486, 1090, 931, 151, 3.32%, 0, 22, 8, 200.06, 871754, 1822
612, 0, 1088, 1091, 928, 147, 3.32%, 0, 23, 8, 1640.85, 878079, 1822
617, 0, 554, 1093, 924, 143, 3.32%, 0, 23, 8, 1554.25, 885924, 1822
622, 0, 871, 1096, 923, 141, 3.33%, 0, 23, 8, 1480.62, 893447, 1826
627, 0, 1092, 1101, 922, 137, 3.33%, 0, 23, 8, 1607.35, 901697, 1828
632, 0, 828, 1103, 920, 133, 3.33%, 0, 23, 8, 1710.65, 910466, 1828
637, 0, 192, 1106, 915, 129, 3.34%, 0, 23, 8, 1738.34, 919458, 1833
642, 0, 768, 1123, 930, 130, 3.35%, 0, 23, 8, 1675.23, 927943, 1840
647, 0, 768, 1130, 937, 130, 3.36%, 0, 23, 8, 1660.06, 936275, 1841
652, 0, 768, 1131, 938, 130, 3.36%, 0, 24, 8, 1567.54, 942949, 1841
657, 0, 768, 1131, 938, 130, 3.36%, 0, 24, 8, 1698.57, 951921, 1841
662, 0, 264, 1135, 940, 134, 3.36%, 0, 24, 8, 1645.88, 960104, 1844
667, 0, 1081, 1137, 935, 128, 3.36%, 0, 24, 8, 1753.83, 969055, 1844
673, 0, 656, 1138, 930, 122, 3.36%, 0, 24, 8, 1631.07, 976986, 1844
678, 0, 831, 1149, 939, 120, 3.38%, 0, 24, 8, 1682.24, 985597, 1852
683, 0, 831, 1151, 941, 120, 3.38%, 0, 24, 8, 1715.37, 994482, 1852
688, 0, 831, 1153, 943, 120, 3.38%, 0, 24, 8, 1696.70, 1002983, 1853
693, 0, 831, 1157, 947, 120, 3.38%, 0, 24, 8, 1680.69, 1011261, 1856
698, 0, 901, 1165, 951, 124, 3.38%, 0, 24, 8, 1730.02, 1019989, 1856
703, 0, 901, 1175, 961, 124, 3.38%, 0, 24, 8, 1724.08, 1028627, 1856
708, 0, 901, 1183, 969, 124, 3.39%, 0, 24, 8, 1709.27, 1037217, 1858
713, 0, 901, 1186, 972, 124, 3.39%, 0, 24, 8, 1675.98, 1045641, 1862
718, 0, 1127, 1196, 981, 129, 3.39%, 0, 24, 8, 1689.32, 1054186, 1862
723, 0, 1017, 1196, 978, 126, 3.39%, 0, 24, 8, 1734.20, 1063233, 1862
728, 0, 1107, 1209, 988, 123, 3.41%, 0, 24, 8, 1540.43, 1070988, 1872
733, 0, 1107, 1214, 993, 123, 3.45%, 0, 24, 8, 1801.85, 1080393, 1891
738, 0, 1107, 1216, 995, 123, 3.46%, 0, 24, 8, 1810.22, 1089493, 1896
743, 0, 1179, 1218, 990, 126, 3.46%, 0, 24, 8, 1771.90, 1098342, 1900
748, 0, 1158, 1229, 995, 123, 3.48%, 0, 24, 8, 1656.56, 1107171, 1908
754, 0, 1158, 1238, 1004, 123, 3.49%, 0, 24, 8, 1598.91, 1115365, 1912
759, 0, 1158, 1240, 1006, 123, 3.49%, 0, 24, 8, 1693.77, 1124012, 1913
764, 0, 1158, 1247, 1013, 123, 3.49%, 0, 24, 8, 1716.15, 1131748, 1913
769, 0, 1238, 1253, 1018, 128, 3.49%, 0, 24, 8, 1636.25, 1139864, 1913
774, 0, 1184, 1265, 1029, 127, 3.49%, 0, 24, 8, 1703.16, 1148477, 1913
779, 0, 1184, 1269, 1033, 127, 3.49%, 0, 24, 8, 1731.71, 1157292, 1913
784, 0, 1184, 1272, 1036, 127, 3.49%, 0, 24, 8, 1649.89, 1165488, 1913
789, 0, 1184, 1275, 1039, 127, 3.49%, 0, 24, 8, 1710.26, 1174471, 1913
794, 0, 1210, 1285, 1047, 127, 3.52%, 0, 24, 8, 1731.07, 1183127, 1929
799, 0, 1210, 1292, 1054, 127, 3.52%, 0, 24, 8, 1749.41, 1192324, 1931
804, 0, 1210, 1295, 1057, 127, 3.52%, 0, 24, 8, 1801.29, 1201463, 1932
809, 0, 620, 1298, 1059, 135, 3.53%, 0, 24, 8, 1752.67, 1210284, 1934
814, 0, 1290, 1309, 1066, 132, 3.58%, 0, 24, 9, 1815.90, 1219536, 1964
820, 0, 1290, 1314, 1071, 132, 3.58%, 0, 24, 9, 1783.62, 1228751, 1966
825, 0, 934, 1319, 1075, 138, 3.59%, 0, 24, 9, 1841.90, 1238104, 1967
830, 0, 1236, 1325, 1080, 137, 3.59%, 0, 24, 9, 1757.48, 1247222, 1967
835, 0, 1236, 1329, 1084, 137, 3.59%, 0, 24, 9, 1735.02, 1255876, 1967
840, 0, 1236, 1333, 1088, 137, 3.59%, 0, 24, 9, 1749.92, 1264686, 1968
845, 0, 1227, 1338, 1092, 136, 3.59%, 0, 24, 9, 1689.32, 1273084, 1968
850, 0, 1227, 1342, 1096, 136, 3.60%, 0, 24, 9, 1717.18, 1281793, 1972
855, 0, 1227, 1342, 1096, 136, 3.60%, 0, 24, 9, 1749.39, 1290628, 1972
860, 0, 1312, 1350, 1102, 136, 3.60%, 0, 24, 10, 1806.71, 1299774, 1973
865, 0, 1312, 1352, 1104, 136, 3.60%, 0, 24, 10, 1456.86, 1307080, 1973
870, 0, 1312, 1356, 1108, 136, 3.60%, 0, 24, 10, 1401.21, 1313370, 1973
875, 0, 177, 1358, 1108, 136, 3.60%, 0, 24, 10, 1589.72, 1321615, 1973
880, 0, 1311, 1364, 1111, 133, 3.60%, 0, 24, 10, 1623.77, 1329672, 1976
885, 0, 1093, 1367, 1113, 133, 3.61%, 0, 24, 10, 1698.98, 1338275, 1978
891, 0, 340, 1368, 1112, 133, 3.61%, 0, 27, 10, 46.34, 1340173, 1978
897, 0, 340, 1371, 1115, 133, 3.61%, 0, 30, 10, 56.06, 1341289, 1978
902, 0, 340, 1373, 1117, 133, 3.61%, 0, 32, 10, 555.00, 1342201, 1978
907, 0, 340, 1373, 1117, 133, 3.61%, 0, 34, 10, 44.30, 1343482, 1978
912, 0, 340, 1373, 1117, 133, 3.61%, 0, 36, 10, 212.41, 1344371, 1978
917, 0, 340, 1374, 1118, 133, 3.61%, 0, 37, 10, 347.17, 1346109, 1978
922, 0, 340, 1377, 1121, 133, 3.61%, 0, 38, 10, 659.89, 1347516, 1978
929, 0, 340, 1377, 1121, 133, 3.61%, 0, 40, 10, 41.49, 1349237, 1978
934, 0, 340, 1380, 1124, 133, 3.61%, 0, 42, 10, 359.76, 1350414, 1980
939, 0, 340, 1382, 1126, 133, 3.61%, 0, 43, 10, 13.89, 1352054, 1980
944, 0, 340, 1384, 1128, 133, 3.62%, 0, 44, 10, 442.92, 1353672, 1986
949, 0, 340, 1384, 1128, 133, 3.62%, 0, 46, 10, 40.58, 1354959, 1986
954, 0, 340, 1386, 1130, 133, 3.62%, 0, 47, 10, 364.60, 1356316, 1988
960, 0, 340, 1387, 1131, 133, 3.62%, 0, 48, 10, 352.38, 1357857, 1988
966, 0, 340, 1387, 1131, 133, 3.62%, 0, 50, 10, 10.58, 1358530, 1988
972, 0, 340, 1388, 1132, 133, 3.62%, 0, 51, 10, 37.12, 1359494, 1988
977, 0, 340, 1390, 1134, 133, 3.62%, 0, 54, 10, 6.08, 1360043, 1988
982, 0, 340, 1393, 1137, 133, 3.68%, 0, 54, 10, 261.90, 1361451, 2019
987, 0, 340, 1393, 1137, 133, 3.68%, 0, 55, 10, 129.40, 1362175, 2019
992, 0, 1371, 1396, 1140, 145, 3.68%, 0, 56, 10, 371.81, 1363706, 2021
997, 0, 1371, 1399, 1143, 145, 3.68%, 0, 56, 10, 418.72, 1365815, 2021
1002, 0, 1371, 1401, 1145, 145, 3.68%, 0, 57, 10, 333.91, 1367150, 2021
1007, 0, 1371, 1401, 1145, 145, 3.68%, 0, 57, 10, 391.66, 1369127, 2021
1013, 0, 1371, 1403, 1147, 145, 3.68%, 0, 58, 10, 382.89, 1370501, 2021
1019, 0, 1371, 1404, 1148, 145, 3.68%, 0, 60, 10, 20.68, 1371808, 2021
1024, 0, 1371, 1404, 1148, 145, 3.68%, 0, 60, 10, 392.27, 1373947, 2021
1029, 0, 1371, 1405, 1149, 145, 3.68%, 0, 60, 10, 451.44, 1376079, 2021
1034, 0, 1371, 1405, 1149, 145, 3.68%, 0, 62, 10, 466.40, 1377209, 2021
1039, 0, 1371, 1408, 1152, 145, 3.68%, 0, 62, 10, 406.42, 1379272, 2021
1044, 0, 1371, 1409, 1153, 145, 3.68%, 0, 62, 10, 397.63, 1381190, 2021
1049, 0, 1371, 1409, 1153, 145, 3.68%, 0, 62, 10, 370.34, 1383087, 2021
1054, 0, 1371, 1410, 1154, 145, 3.68%, 0, 63, 10, 527.03, 1384359, 2021
1059, 0, 1371, 1412, 1156, 145, 3.69%, 0, 63, 10, 70.18, 1385806, 2022
1065, 0, 1371, 1414, 1158, 145, 3.69%, 0, 63, 10, 419.04, 1387878, 2022
1070, 0, 1371, 1414, 1158, 145, 3.69%, 0, 63, 10, 390.05, 1389810, 2022
1075, 0, 1371, 1414, 1158, 145, 3.69%, 0, 63, 10, 375.40, 1391777, 2022
1080, 0, 1371, 1415, 1159, 145, 3.69%, 0, 63, 10, 374.09, 1393688, 2022
1085, 0, 1371, 1416, 1160, 145, 3.69%, 0, 64, 10, 418.62, 1395349, 2022
1090, 0, 1384, 1416, 1159, 148, 3.69%, 0, 64, 10, 355.94, 1396564, 2022
1095, 0, 1181, 1419, 1161, 147, 3.69%, 0, 64, 10, 774.55, 1398886, 2024
1100, 0, 1181, 1423, 1165, 147, 3.69%, 0, 64, 10, 820.59, 1402965, 2024
1105, 0, 1181, 1423, 1165, 147, 3.69%, 0, 64, 10, 752.49, 1406685, 2024
1110, 0, 1181, 1425, 1167, 147, 3.70%, 0, 64, 10, 923.56, 1411297, 2030
1115, 0, 1181, 1426, 1168, 147, 3.70%, 0, 65, 10, 1356.71, 1416237, 2030
1120, 0, 1181, 1429, 1171, 147, 3.70%, 0, 65, 10, 1024.52, 1420950, 2030
1126, 0, 1181, 1429, 1171, 147, 3.70%, 0, 65, 10, 826.06, 1425171, 2030
1131, 0, 1181, 1430, 1172, 147, 3.70%, 0, 65, 10, 962.23, 1430018, 2030
1136, 0, 1366, 1430, 1168, 145, 3.70%, 0, 65, 10, 1126.62, 1435790, 2030
1141, 0, 587, 1431, 1166, 142, 3.70%, 0, 65, 10, 1116.64, 1441098, 2030
1146, 0, 860, 1432, 1163, 138, 3.72%, 0, 66, 10, 1137.13, 1444961, 2041
1151, 0, 583, 1435, 1164, 136, 3.72%, 0, 66, 10, 1073.53, 1450377, 2041
1156, 0, 1367, 1435, 1161, 133, 3.72%, 0, 67, 10, 30.12, 1454142, 2041
1162, 0, 1367, 1439, 1165, 133, 3.72%, 0, 68, 10, 43.78, 1456013, 2041
1167, 0, 1367, 1439, 1165, 133, 3.72%, 0, 70, 10, 458.42, 1457347, 2041
1172, 0, 1390, 1439, 1164, 131, 3.72%, 0, 70, 10, 37.82, 1458765, 2041
1178, 0, 1390, 1451, 1176, 131, 3.73%, 0, 74, 10, 8.88, 1459009, 2048
1183, 0, 1390, 1478, 1203, 131, 3.79%, 0, 75, 10, 339.01, 1460191, 2080
1188, 0, 1390, 1481, 1206, 131, 3.79%, 0, 79, 10, 26.71, 1460528, 2081
1194, 0, 1390, 1489, 1214, 131, 3.80%, 0, 83, 10, 72.12, 1461086, 2085
1199, 0, 1390, 1504, 1229, 131, 3.82%, 0, 85, 10, 436.51, 1462363, 2093
1204, 0, 1390, 1509, 1234, 131, 3.82%, 0, 86, 10, 330.53, 1463620, 2098
1209, 0, 1390, 1512, 1237, 131, 3.82%, 0, 88, 10, 283.78, 1464742, 2098
1215, 0, 1390, 1516, 1241, 131, 3.83%, 0, 91, 10, 269.34, 1465607, 2101
1221, 0, 1390, 1522, 1247, 131, 3.84%, 0, 93, 10, 25.79, 1466815, 2104
1226, 0, 1390, 1528, 1253, 131, 3.84%, 0, 94, 10, 455.59, 1468646, 2106
1231, 0, 1390, 1538, 1263, 131, 3.85%, 0, 94, 10, 340.55, 1470319, 2112
1236, 0, 1390, 1539, 1264, 131, 3.85%, 0, 96, 10, 117.29, 1471666, 2114
1242, 0, 1390, 1539, 1264, 131, 3.85%, 0, 97, 10, 401.09, 1473372, 2114
1247, 0, 1390, 1542, 1267, 131, 3.86%, 0, 97, 10, 406.04, 1475514, 2116
1252, 0, 1390, 1543, 1268, 131, 3.86%, 0, 97, 10, 444.75, 1477205, 2116
1257, 0, 1390, 1546, 1271, 131, 3.86%, 0, 98, 10, 381.75, 1478535, 2118
1262, 0, 1390, 1549, 1274, 131, 3.86%, 0, 98, 10, 379.45, 1480453, 2119
1267, 0, 1390, 1552, 1277, 131, 3.87%, 0, 98, 10, 386.58, 1482099, 2120
1272, 0, 1390, 1556, 1281, 131, 3.87%, 0, 99, 10, 451.30, 1483614, 2122
1277, 0, 1390, 1558, 1283, 131, 3.87%, 0, 99, 10, 408.55, 1485564, 2122
1282, 0, 1390, 1561, 1286, 131, 3.87%, 0, 100, 10, 396.38, 1487058, 2123
1287, 0, 1390, 1567, 1292, 131, 3.87%, 0, 100, 10, 419.57, 1489252, 2124
1293, 0, 1390, 1570, 1295, 131, 3.87%, 0, 101, 10, 14.82, 1491082, 2125
1298, 0, 1390, 1576, 1301, 131, 3.88%, 0, 102, 10, 25.70, 1492628, 2130
1303, 0, 1561, 1583, 1307, 175, 3.89%, 0, 102, 10, 285.86, 1494036, 2131
1308, 0, 1561, 1585, 1309, 175, 3.89%, 0, 102, 10, 392.13, 1496025, 2131
1314, 0, 1561, 1587, 1311, 175, 3.89%, 0, 102, 10, 426.55, 1498140, 2131
1319, 0, 1561, 1588, 1312, 175, 3.89%, 0, 103, 10, 54.32, 1499940, 2131
1324, 0, 1561, 1590, 1314, 175, 3.89%, 0, 103, 10, 431.47, 1502314, 2133
1330, 0, 1561, 1593, 1317, 175, 3.89%, 0, 103, 10, 384.51, 1504265, 2133
1335, 0, 1561, 1595, 1319, 175, 3.89%, 0, 103, 10, 419.13, 1506509, 2133
1340, 0, 1561, 1596, 1320, 175, 3.89%, 0, 104, 10, 488.16, 1508001, 2133
1345, 0, 1561, 1598, 1322, 175, 3.89%, 0, 104, 10, 489.63, 1510463, 2133
1350, 0, 1561, 1601, 1325, 175, 3.89%, 0, 104, 10, 375.00, 1512540, 2136
1355, 0, 1561, 1606, 1330, 175, 3.89%, 0, 105, 10, 504.96, 1514261, 2136
1360, 0, 1561, 1609, 1333, 175, 3.90%, 0, 105, 10, 405.29, 1516282, 2137
1365, 0, 1561, 1612, 1336, 175, 3.90%, 0, 105, 10, 380.97, 1518115, 2137
1370, 0, 1561, 1615, 1339, 175, 3.90%, 0, 105, 10, 413.44, 1520270, 2138
1376, 0, 1561, 1618, 1342, 175, 3.90%, 0, 105, 10, 423.26, 1522547, 2138
1381, 0, 1561, 1622, 1346, 175, 3.90%, 0, 105, 10, 446.88, 1524927, 2138
1386, 0, 1561, 1622, 1346, 175, 3.90%, 0, 105, 10, 64.10, 1526495, 2138
1391, 0, 1502, 1625, 1347, 179, 3.90%, 0, 105, 10, 393.30, 1528529, 2141
1396, 0, 1502, 1626, 1348, 179, 3.90%, 0, 105, 10, 271.75, 1529842, 2141
1401, 0, 1410, 1626, 1346, 177, 3.90%, 0, 106, 10, 469.58, 1531735, 2141
1406, 0, 1493, 1628, 1347, 176, 3.90%, 0, 106, 10, 341.98, 1533159, 2141
1411, 0, 1493, 1629, 1348, 176, 3.90%, 0, 106, 10, 176.14, 1534016, 2141
1416, 0, 1456, 1632, 1350, 175, 3.90%, 0, 106, 10, 198.23, 1535132, 2141
1421, 0, 1456, 1634, 1352, 175, 3.90%, 0, 106, 10, 161.01, 1536033, 2141
1426, 0, 1555, 1639, 1356, 174, 3.90%, 0, 108, 10, 449.26, 1537177, 2141
1431, 0, 1555, 1641, 1358, 174, 3.90%, 0, 108, 10, 416.35, 1539255, 2141
1438, 0, 1555, 1642, 1359, 174, 3.90%, 0, 109, 10, 28.73, 1541123, 2141
1443, 0, 1555, 1645, 1362, 174, 3.91%, 0, 109, 10, 293.80, 1542815, 2142
1448, 0, 1555, 1645, 1362, 174, 3.91%, 0, 109, 10, 323.93, 1544489, 2142
1453, 0, 1555, 1647, 1364, 174, 3.91%, 0, 109, 10, 340.79, 1546249, 2143
1458, 0, 1555, 1649, 1366, 174, 3.91%, 0, 109, 10, 381.66, 1548188, 2145
1463, 0, 1555, 1652, 1369, 174, 3.92%, 0, 111, 10, 461.53, 1549493, 2148
1468, 0, 1555, 1652, 1369, 174, 3.92%, 0, 111, 10, 428.59, 1551584, 2148
1473, 0, 1555, 1653, 1370, 174, 3.92%, 0, 111, 10, 420.19, 1553751, 2148
1478, 0, 1555, 1654, 1371, 174, 3.92%, 0, 112, 10, 395.00, 1555396, 2148
1484, 0, 1555, 1654, 1371, 174, 3.92%, 0, 113, 10, 44.17, 1556873, 2148
1489, 0, 1555, 1654, 1371, 174, 3.92%, 0, 114, 10, 52.38, 1558706, 2148
1494, 0, 1555, 1655, 1372, 174, 3.92%, 0, 114, 10, 411.03, 1560905, 2148
1499, 0, 1555, 1655, 1372, 174, 3.92%, 0, 114, 10, 392.83, 1562852, 2148
1504, 0, 1555, 1658, 1375, 174, 3.92%, 0, 115, 10, 529.80, 1564643, 2148
1510, 0, 1555, 1659, 1376, 174, 3.92%, 0, 116, 10, 29.63, 1566256, 2148
1515, 0, 1555, 1660, 1377, 174, 3.92%, 0, 116, 10, 523.16, 1568518, 2148
1520, 0, 1468, 1660, 1376, 174, 3.92%, 0, 116, 10, 263.68, 1570295, 2148
1525, 0, 1468, 1662, 1378, 174, 3.92%, 0, 116, 10, 381.84, 1572392, 2148
1530, 0, 1080, 1665, 1380, 174, 3.92%, 0, 117, 10, 967.75, 1573744, 2151
1536, 0, 1080, 1669, 1384, 174, 3.92%, 0, 117, 10, 991.37, 1579339, 2151
1541, 0, 1080, 1670, 1385, 174, 3.93%, 0, 117, 10, 989.69, 1584148, 2153
1546, 0, 1080, 1673, 1388, 174, 3.93%, 0, 117, 10, 1141.61, 1590541, 2153
1551, 0, 1080, 1674, 1389, 174, 3.93%, 0, 117, 10, 1055.54, 1595934, 2153
1556, 0, 1080, 1674, 1389, 174, 3.93%, 0, 117, 10, 1244.95, 1602422, 2153
1561, 0, 1505, 1675, 1389, 175, 3.93%, 0, 118, 10, 93.72, 1607451, 2153
1566, 0, 1505, 1676, 1390, 175, 3.93%, 0, 119, 10, 386.43, 1608715, 2153
1571, 0, 1488, 1676, 1389, 174, 3.93%, 0, 120, 10, 585.09, 1609656, 2153
1577, 0, 1104, 1678, 1388, 171, 3.93%, 0, 120, 10, 1087.37, 1613044, 2154
1582, 0, 1566, 1678, 1386, 169, 3.93%, 0, 121, 10, 37.59, 1614953, 2154
1588, 0, 1462, 1680, 1386, 167, 3.93%, 0, 121, 10, 82.76, 1616796, 2154
1593, 0, 1462, 1681, 1387, 167, 3.93%, 0, 121, 10, 238.15, 1618419, 2154
1598, 0, 1054, 1682, 1386, 165, 3.93%, 0, 121, 10, 856.83, 1620392, 2154
1603, 0, 1431, 1689, 1393, 165, 3.95%, 0, 121, 10, 1163.94, 1626829, 2168
1608, 0, 1431, 1697, 1401, 165, 3.98%, 0, 121, 10, 1115.38, 1632405, 2184
1613, 0, 1431, 1700, 1404, 165, 3.99%, 0, 121, 10, 1247.60, 1638924, 2190
1618, 0, 1431, 1702, 1406, 165, 4.00%, 0, 121, 10, 1375.54, 1645889, 2194
1623, 0, 1431, 1702, 1406, 165, 4.00%, 0, 121, 10, 1151.58, 1651753, 2194
1628, 0, 1431, 1703, 1407, 165, 4.01%, 0, 122, 10, 1263.34, 1656281, 2198
1634, 0, 1581, 1703, 1404, 176, 4.01%, 0, 122, 10, 980.06, 1661283, 2198
1639, 0, 1581, 1711, 1412, 176, 4.01%, 0, 122, 10, 277.11, 1663062, 2199
1644, 0, 1581, 1714, 1415, 176, 4.01%, 0, 124, 10, 489.11, 1664117, 2201
1649, 0, 1581, 1720, 1421, 176, 4.01%, 0, 124, 10, 344.96, 1665648, 2201
1654, 0, 1685, 1722, 1421, 175, 4.01%, 0, 124, 10, 724.26, 1669077, 2202
1659, 0, 1031, 1723, 1420, 174, 4.02%, 0, 124, 10, 1101.13, 1675094, 2203
1664, 0, 1568, 1725, 1421, 173, 4.02%, 0, 124, 10, 456.53, 1677390, 2204
1670, 0, 1659, 1726, 1421, 173, 4.02%, 0, 124, 10, 631.36, 1678740, 2204
1675, 0, 1659, 1730, 1425, 173, 4.02%, 0, 125, 10, 30.89, 1680495, 2204
1680, 0, 1659, 1731, 1426, 173, 4.02%, 0, 127, 10, 277.89, 1681719, 2205
1685, 0, 1659, 1734, 1429, 173, 4.04%, 0, 127, 10, 390.71, 1683893, 2218
1690, 0, 1659, 1736, 1431, 173, 4.04%, 0, 127, 10, 405.41, 1686001, 2218
1695, 0, 1659, 1740, 1435, 173, 4.04%, 0, 127, 10, 357.17, 1688010, 2218
1701, 0, 1659, 1741, 1436, 173, 4.04%, 0, 127, 10, 424.10, 1690237, 2218
1706, 0, 1659, 1741, 1436, 173, 4.04%, 0, 127, 10, 427.61, 1692325, 2218
1711, 0, 1659, 1744, 1439, 173, 4.05%, 0, 127, 10, 438.25, 1694634, 2220
1716, 0, 1659, 1744, 1439, 173, 4.05%, 0, 127, 10, 405.48, 1696722, 2220
1721, 0, 1659, 1746, 1441, 173, 4.05%, 0, 127, 10, 418.04, 1698936, 2220
1726, 0, 1659, 1748, 1443, 173, 4.05%, 0, 128, 10, 476.20, 1700751, 2220
1731, 0, 1659, 1749, 1444, 173, 4.05%, 0, 130, 10, 419.22, 1701968, 2220
1736, 0, 1659, 1750, 1445, 173, 4.05%, 0, 130, 10, 403.04, 1704039, 2220
1742, 0, 1659, 1753, 1448, 173, 4.05%, 0, 130, 10, 426.47, 1706084, 2222
1747, 0, 1659, 1755, 1450, 173, 4.05%, 0, 130, 10, 453.99, 1708498, 2222
1752, 0, 1659, 1756, 1451, 173, 4.05%, 0, 130, 10, 424.32, 1710609, 2222
1757, 0, 1659, 1756, 1451, 173, 4.05%, 0, 131, 10, 291.75, 1712033, 2222
1762, 0, 1343, 1758, 1451, 166, 4.05%, 0, 131, 11, 1330.35, 1716812, 2222
1767, 0, 1654, 1758, 1449, 164, 4.05%, 0, 131, 11, 99.36, 1719180, 2222
1772, 0, 1548, 1758, 1447, 162, 4.05%, 0, 131, 11, 70.54, 1720872, 2222
1777, 0, 1548, 1760, 1449, 162, 4.05%, 0, 133, 11, 330.00, 1721964, 2222
1782, 0, 1548, 1760, 1449, 162, 4.05%, 0, 133, 11, 371.22, 1723748, 2222
1787, 0, 1676, 1760, 1447, 160, 4.05%, 0, 135, 11, 62.91, 1724577, 2222
1793, 0, 1732, 1761, 1447, 159, 4.05%, 0, 135, 11, 228.22, 1725844, 2222
1798, 0, 1760, 1762, 1447, 157, 4.05%, 0, 136, 11, 52.72, 1727387, 2222
1803, 0, 1760, 1764, 1449, 157, 4.05%, 0, 136, 11, 434.63, 1729569, 2222
1809, 0, 1760, 1767, 1452, 157, 4.05%, 0, 138, 11, 51.70, 1731224, 2222
1814, 0, 1760, 1767, 1452, 157, 4.05%, 0, 139, 11, 467.26, 1733023, 2222
1820, 0, 1760, 1767, 1452, 157, 4.05%, 0, 139, 11, 454.42, 1735318, 2222
1825, 0, 1760, 1768, 1453, 157, 4.05%, 0, 140, 11, 429.41, 1736889, 2224
1830, 0, 1760, 1768, 1453, 157, 4.05%, 0, 140, 11, 421.03, 1739009, 2224
1836, 0, 1760, 1768, 1453, 157, 4.05%, 0, 141, 11, 41.04, 1741075, 2224
1841, 0, 1760, 1768, 1453, 157, 4.05%, 0, 141, 11, 396.55, 1743268, 2224
1846, 0, 1760, 1770, 1455, 157, 4.05%, 0, 141, 11, 436.91, 1745489, 2224
1851, 0, 1760, 1771, 1456, 157, 4.05%, 0, 141, 11, 389.19, 1747544, 2224
1856, 0, 1760, 1772, 1457, 157, 4.05%, 0, 141, 11, 415.86, 1749799, 2224
1861, 0, 1760, 1772, 1457, 157, 4.05%, 0, 141, 11, 387.70, 1751745, 2224
1867, 0, 1760, 1773, 1458, 157, 4.05%, 0, 141, 11, 68.38, 1752828, 2224
1872, 0, 1592, 1775, 1458, 156, 4.05%, 0, 142, 11, 248.29, 1755086, 2224
1877, 0, 1592, 1775, 1458, 156, 4.05%, 0, 142, 11, 63.85, 1756698, 2224
1882, 0, 1301, 1778, 1460, 155, 4.06%, 0, 142, 11, 667.82, 1759716, 2227
1887, 0, 234, 1782, 1463, 155, 4.06%, 0, 142, 11, 629.67, 1762432, 2229
1892, 0, 1587, 1785, 1464, 153, 4.07%, 0, 143, 11, 278.37, 1764542, 2230
1897, 0, 1065, 1786, 1463, 151, 4.07%, 0, 143, 11, 748.78, 1768114, 2231
1902, 0, 968, 1786, 1462, 151, 4.07%, 0, 143, 11, 704.08, 1771755, 2231
1908, 0, 968, 1786, 1462, 151, 4.07%, 0, 143, 11, 844.87, 1772671, 2231
1913, 0, 968, 1787, 1463, 151, 4.07%, 0, 143, 11, 54.72, 1775424, 2231
1918, 0, 1514, 1787, 1463, 151, 4.07%, 0, 143, 11, 368.17, 1776440, 2231
1923, 0, 1569, 1787, 1462, 150, 4.07%, 0, 144, 11, 347.12, 1777740, 2231
1928, 0, 228, 1787, 1460, 148, 4.07%, 0, 144, 11, 932.43, 1781294, 2231
1933, 0, 1645, 1788, 1460, 147, 4.07%, 0, 145, 11, 259.77, 1783862, 2232
1938, 0, 1733, 1788, 1459, 147, 4.07%, 0, 146, 11, 345.79, 1784875, 2232
1943, 0, 1263, 1790, 1460, 146, 4.07%, 0, 146, 11, 599.51, 1787303, 2232
1948, 0, 923, 1795, 1464, 145, 4.07%, 0, 146, 11, 1192.24, 1794358, 2234
1954, 0, 923, 1796, 1465, 145, 4.07%, 0, 146, 11, 1063.40, 1800140, 2234
1959, 0, 923, 1797, 1466, 145, 4.07%, 0, 146, 11, 1218.57, 1806642, 2234
1964, 0, 923, 1798, 1467, 145, 4.07%, 0, 146, 11, 1213.21, 1812883, 2234
1969, 0, 923, 1800, 1469, 145, 4.07%, 0, 146, 11, 1204.96, 1819199, 2235
1974, 0, 1647, 1801, 1469, 148, 4.07%, 0, 146, 11, 311.73, 1823886, 2235
1979, 0, 1647, 1802, 1470, 148, 4.07%, 0, 147, 11, 496.97, 1825564, 2235
1984, 0, 1338, 1805, 1470, 147, 4.08%, 0, 147, 11, 951.94, 1830308, 2238
1989, 0, 1734, 1809, 1473, 147, 4.08%, 0, 147, 11, 595.34, 1834273, 2238
1994, 0, 1734, 1810, 1474, 147, 4.08%, 0, 147, 11, 449.12, 1836293, 2238
2000, 0, 1734, 1810, 1474, 147, 4.08%, 0, 147, 11, 392.15, 1838341, 2238
2005, 0, 1734, 1811, 1475, 147, 4.08%, 0, 147, 11, 389.07, 1840357, 2238
2010, 0, 1734, 1813, 1477, 147, 4.08%, 0, 147, 11, 423.83, 1842529, 2238
2015, 0, 1734, 1814, 1478, 147, 4.08%, 0, 147, 11, 450.10, 1844792, 2238
2020, 0, 1734, 1816, 1480, 147, 4.08%, 0, 147, 11, 484.26, 1847324, 2238
2025, 0, 1734, 1817, 1481, 147, 4.08%, 0, 147, 11, 425.84, 1849349, 2238
2030, 0, 1734, 1818, 1482, 147, 4.08%, 0, 147, 11, 416.72, 1851412, 2238
2035, 0, 1734, 1819, 1483, 147, 4.08%, 0, 147, 11, 410.65, 1853587, 2238
2041, 0, 1734, 1820, 1484, 147, 4.08%, 0, 147, 11, 453.82, 1855983, 2238
2046, 0, 1734, 1820, 1484, 147, 4.08%, 0, 147, 11, 420.17, 1858178, 2238
2051, 0, 1734, 1820, 1484, 147, 4.08%, 0, 147, 11, 408.41, 1860194, 2238
2056, 0, 1734, 1821, 1485, 147, 4.08%, 0, 147, 11, 391.21, 1862218, 2238
2061, 0, 1734, 1822, 1486, 147, 4.08%, 0, 147, 11, 478.86, 1864718, 2238
2066, 0, 1734, 1822, 1486, 147, 4.08%, 0, 148, 11, 415.34, 1866345, 2238
2072, 0, 1538, 1822, 1485, 149, 4.08%, 0, 149, 11, 17.87, 1867502, 2238
2077, 0, 1538, 1825, 1488, 149, 4.08%, 0, 150, 11, 395.86, 1869164, 2239
2082, 0, 1266, 1826, 1488, 151, 4.08%, 0, 150, 11, 736.30, 1871674, 2239
2087, 0, 1386, 1828, 1488, 149, 4.08%, 0, 150, 11, 345.70, 1874690, 2239
2092, 0, 1623, 1830, 1489, 148, 4.08%, 0, 151, 11, 470.20, 1876686, 2240
2097, 0, 1096, 1831, 1488, 147, 4.09%, 0, 151, 11, 915.43, 1880041, 2241
2102, 0, 1731, 1835, 1489, 145, 4.09%, 0, 151, 11, 192.98, 1882474, 2244
2107, 0, 1731, 1838, 1492, 145, 4.10%, 0, 151, 11, 272.95, 1884046, 2247
2112, 0, 1731, 1839, 1493, 145, 4.10%, 0, 151, 11, 336.05, 1885845, 2247
2118, 0, 1731, 1840, 1494, 145, 4.10%, 0, 153, 11, 382.75, 1886780, 2247
2123, 0, 1731, 1842, 1496, 145, 4.11%, 0, 153, 11, 352.16, 1888579, 2256
2128, 0, 1731, 1845, 1499, 145, 4.11%, 0, 153, 11, 344.03, 1890343, 2257
2133, 0, 1731, 1848, 1502, 145, 4.12%, 0, 154, 11, 243.75, 1891515, 2260
2138, 0, 1731, 1848, 1502, 145, 4.12%, 0, 154, 11, 281.70, 1893074, 2260
2144, 0, 1731, 1851, 1505, 145, 4.12%, 0, 155, 11, 26.16, 1894733, 2261
2149, 0, 1731, 1854, 1508, 145, 4.13%, 0, 156, 11, 265.60, 1895915, 2263
2154, 0, 1731, 1854, 1508, 145, 4.13%, 0, 157, 11, 281.25, 1897157, 2263
2159, 0, 1731, 1854, 1508, 145, 4.13%, 0, 158, 11, 311.22, 1898400, 2263
2164, 0, 1731, 1854, 1508, 145, 4.13%, 0, 158, 11, 311.71, 1899978, 2263
2169, 0, 1731, 1854, 1508, 145, 4.13%, 0, 158, 11, 315.36, 1901580, 2263
2174, 0, 1731, 1854, 1508, 145, 4.13%, 0, 158, 11, 367.58, 1903071, 2263
2180, 0, 1731, 1855, 1509, 145, 4.13%, 0, 158, 11, 372.01, 1904961, 2263
2185, 0, 1731, 1856, 1510, 145, 4.13%, 0, 158, 11, 357.59, 1906677, 2263
2190, 0, 1787, 1856, 1509, 153, 4.13%, 0, 158, 11, 447.96, 1908413, 2263
2195, 0, 1823, 1857, 1509, 152, 4.13%, 0, 158, 11, 165.05, 1909552, 2263
2200, 0, 1823, 1859, 1511, 152, 4.13%, 0, 158, 11, 31.68, 1911712, 2263
2205, 0, 1701, 1861, 1511, 152, 4.13%, 0, 158, 11, 1014.38, 1915817, 2265
2210, 0, 1507, 1865, 1513, 150, 4.13%, 0, 158, 11, 1315.91, 1919346, 2265
2215, 0, 1852, 1866, 1513, 149, 4.13%, 0, 158, 11, 242.78, 1922989, 2265
2220, 0, 1852, 1866, 1513, 149, 4.13%, 0, 158, 11, 266.98, 1924471, 2265
2225, 0, 1810, 1867, 1513, 148, 4.13%, 0, 158, 11, 469.99, 1926134, 2265
2230, 0, 872, 1868, 1513, 147, 4.13%, 0, 158, 11, 688.68, 1927679, 2265
2236, 0, 1471, 1868, 1510, 144, 4.13%, 0, 158, 11, 1013.67, 1933209, 2265
2241, 0, 1471, 1869, 1511, 144, 4.13%, 0, 158, 11, 30.20, 1934535, 2265
2246, 0, 1849, 1877, 1518, 143, 4.15%, 0, 158, 11, 311.65, 1935888, 2274
2251, 0, 1849, 1880, 1521, 143, 4.15%, 0, 158, 11, 331.16, 1937566, 2274
2257, 0, 1849, 1880, 1521, 143, 4.15%, 0, 160, 11, 39.64, 1938858, 2274
2262, 0, 1849, 1882, 1523, 143, 4.15%, 0, 161, 11, 275.84, 1940144, 2274
2267, 0, 1849, 1882, 1523, 143, 4.15%, 0, 161, 11, 318.92, 1941837, 2274
2272, 0, 1849, 1882, 1523, 143, 4.15%, 0, 161, 11, 339.99, 1943475, 2274
2277, 0, 1849, 1883, 1524, 143, 4.15%, 0, 161, 11, 315.73, 1945018, 2274
2282, 0, 1849, 1883, 1524, 143, 4.15%, 0, 161, 11, 324.31, 1946686, 2274
2287, 0, 1849, 1884, 1525, 143, 4.15%, 0, 161, 11, 294.69, 1948123, 2274
2292, 0, 1849, 1884, 1525, 143, 4.15%, 0, 161, 11, 318.50, 1949717, 2274
2297, 0, 1849, 1884, 1525, 143, 4.15%, 0, 161, 11, 305.74, 1951247, 2274
2302, 0, 1849, 1885, 1526, 143, 4.15%, 0, 161, 11, 314.80, 1952892, 2275
2308, 0, 1849, 1885, 1526, 143, 4.15%, 0, 161, 11, 327.21, 1954596, 2275
2313, 0, 1849, 1886, 1527, 143, 4.15%, 0, 161, 11, 298.92, 1956132, 2275
2318, 0, 1849, 1887, 1528, 143, 4.15%, 0, 161, 11, 292.07, 1957599, 2275
2323, 0, 1849, 1887, 1528, 143, 4.15%, 0, 161, 11, 301.88, 1959194, 2275
2328, 0, 1849, 1887, 1528, 143, 4.15%, 0, 161, 11, 73.36, 1960743, 2275
2334, 0, 1822, 1887, 1527, 149, 4.15%, 0, 162, 11, 171.37, 1962037, 2275
2340, 0, 1619, 1891, 1530, 148, 4.15%, 0, 162, 11, 383.59, 1964191, 2275
2345, 0, 1619, 1892, 1531, 148, 4.15%, 0, 162, 11, 444.65, 1966585, 2275
2350, 0, 1619, 1893, 1532, 148, 4.15%, 0, 162, 11, 482.21, 1968878, 2275
2355, 0, 1619, 1893, 1532, 148, 4.15%, 0, 162, 11, 447.60, 1971065, 2275
2360, 0, 1619, 1893, 1532, 148, 4.15%, 0, 162, 11, 503.68, 1973518, 2275
2365, 0, 1619, 1893, 1532, 148, 4.15%, 0, 162, 11, 484.53, 1975853, 2275
2370, 0, 1619, 1894, 1533, 148, 4.15%, 0, 162, 11, 475.18, 1978254, 2275
2375, 0, 1619, 1894, 1533, 148, 4.15%, 0, 162, 11, 505.34, 1980796, 2275
2380, 0, 1619, 1894, 1533, 148, 4.15%, 0, 162, 11, 505.33, 1983416, 2275
2385, 0, 1619, 1897, 1536, 148, 4.15%, 0, 162, 11, 487.50, 1985890, 2275
2390, 0, 1619, 1897, 1536, 148, 4.15%, 0, 162, 11, 414.45, 1987847, 2275
2395, 0, 1619, 1898, 1537, 148, 4.15%, 0, 162, 11, 492.51, 1990442, 2275
2401, 0, 1619, 1898, 1537, 148, 4.15%, 0, 162, 11, 503.05, 1993043, 2275
2406, 0, 1619, 1900, 1539, 148, 4.15%, 0, 162, 11, 81.90, 1995301, 2275
2411, 0, 1844, 1900, 1538, 147, 4.15%, 0, 162, 11, 140.07, 1996342, 2275
2416, 0, 1844, 1902, 1540, 147, 4.15%, 0, 162, 11, 263.21, 1997838, 2275
2421, 0, 1844, 1902, 1540, 147, 4.15%, 0, 162, 11, 293.98, 1999382, 2275
2426, 0, 1844, 1902, 1540, 147, 4.15%, 0, 163, 11, 45.52, 2000354, 2275
2431, 0, 1754, 1903, 1539, 145, 4.15%, 0, 163, 11, 106.11, 2003729, 2275
2436, 0, 1094, 1903, 1537, 143, 4.15%, 0, 163, 11, 911.32, 2006443, 2275
2442, 0, 1558, 1908, 1540, 143, 4.15%, 0, 163, 11, 243.71, 2010435, 2277
2447, 0, 1558, 1909, 1541, 143, 4.15%, 0, 163, 11, 358.38, 2012413, 2277
2452, 0, 1558, 1909, 1541, 143, 4.15%, 0, 163, 11, 436.90, 2014670, 2277
2457, 0, 1558, 1910, 1542, 143, 4.15%, 0, 163, 11, 403.37, 2016581, 2277
2462, 0, 1558, 1910, 1542, 143, 4.15%, 0, 163, 11, 410.31, 2018741, 2277
2467, 0, 1558, 1911, 1543, 143, 4.15%, 0, 163, 11, 416.10, 2020884, 2277
2472, 0, 1558, 1911, 1543, 143, 4.15%, 0, 163, 11, 379.63, 2022829, 2277
2478, 0, 1558, 1913, 1545, 143, 4.15%, 0, 163, 11, 377.04, 2024817, 2277
2483, 0, 1558, 1913, 1545, 143, 4.15%, 0, 163, 11, 434.10, 2027130, 2277
2488, 0, 1558, 1914, 1546, 143, 4.15%, 0, 163, 11, 446.20, 2029361, 2277
2493, 0, 1558, 1917, 1549, 143, 4.15%, 0, 163, 11, 409.39, 2031430, 2278
2498, 0, 1558, 1918, 1550, 143, 4.15%, 0, 163, 11, 465.45, 2033784, 2278
2503, 0, 1558, 1918, 1550, 143, 4.15%, 0, 163, 11, 443.38, 2036034, 2278
2508, 0, 1558, 1918, 1550, 143, 4.15%, 0, 163, 11, 424.61, 2038149, 2278
2513, 0, 1558, 1918, 1550, 143, 4.15%, 0, 163, 11, 427.49, 2040357, 2278
2518, 0, 1558, 1920, 1552, 143, 4.15%, 0, 163, 11, 445.69, 2042645, 2278
2524, 0, 1554, 1920, 1551, 144, 4.15%, 0, 163, 11, 337.09, 2044669, 2278
2529, 0, 1841, 1920, 1550, 143, 4.15%, 0, 164, 11, 263.15, 2045604, 2278
2534, 0, 1841, 1923, 1553, 143, 4.16%, 0, 164, 11, 302.90, 2047140, 2280
2539, 0, 1841, 1925, 1555, 143, 4.16%, 0, 164, 11, 323.17, 2048840, 2281
2544, 0, 1841, 1925, 1555, 143, 4.16%, 0, 164, 11, 294.69, 2050324, 2281
2549, 0, 1841, 1926, 1556, 143, 4.16%, 0, 165, 11, 294.06, 2051587, 2281
2554, 0, 1841, 1926, 1556, 143, 4.16%, 0, 165, 11, 311.40, 2053228, 2281
2559, 0, 1841, 1927, 1557, 143, 4.16%, 0, 166, 11, 305.85, 2054405, 2281
2564, 0, 1841, 1928, 1558, 143, 4.16%, 0, 166, 11, 313.42, 2055991, 2282
2570, 0, 1841, 1929, 1559, 143, 4.16%, 0, 166, 11, 306.95, 2057558, 2282
2575, 0, 1841, 1929, 1559, 143, 4.16%, 0, 166, 11, 302.89, 2059100, 2282
2580, 0, 1841, 1929, 1559, 143, 4.16%, 0, 166, 11, 276.65, 2060499, 2282
2585, 0, 1841, 1930, 1560, 143, 4.16%, 0, 166, 11, 271.47, 2061961, 2282
2590, 0, 1841, 1931, 1561, 143, 4.16%, 0, 166, 11, 298.42, 2063598, 2282
2596, 0, 1841, 1931, 1561, 143, 4.16%, 0, 167, 11, 23.07, 2065109, 2282
2601, 0, 1841, 1932, 1562, 143, 4.16%, 0, 167, 11, 356.20, 2066735, 2283
2606, 0, 1841, 1932, 1562, 143, 4.16%, 0, 167, 11, 320.39, 2068302, 2283
2611, 0, 1841, 1932, 1562, 143, 4.16%, 0, 167, 11, 379.95, 2070170, 2283
2616, 0, 1132, 1935, 1564, 146, 4.16%, 0, 167, 11, 1319.49, 2072662, 2283
2621, 0, 1745, 1936, 1563, 144, 4.16%, 0, 167, 11, 269.43, 2076705, 2283
2627, 0, 1934, 1937, 1562, 142, 4.16%, 0, 167, 11, 866.64, 2079829, 2283
2632, 0, 1559, 1937, 1560, 140, 4.16%, 0, 167, 11, 277.80, 2082514, 2283
2637, 0, 1559, 1937, 1560, 140, 4.16%, 0, 167, 11, 62.51, 2083518, 2283
2642, 0, 1406, 1939, 1561, 139, 4.16%, 0, 167, 11, 402.03, 2085232, 2283
2647, 0, 1043, 1940, 1561, 138, 4.16%, 0, 167, 11, 806.68, 2088119, 2283
2652, 0, 1921, 1940, 1559, 136, 4.16%, 0, 168, 11, 150.00, 2092042, 2283
2657, 0, 1921, 1942, 1561, 136, 4.16%, 0, 168, 11, 287.16, 2093699, 2283
2662, 0, 1921, 1945, 1564, 136, 4.17%, 0, 168, 11, 319.01, 2095401, 2286
2668, 0, 1921, 1948, 1567, 136, 4.17%, 0, 168, 11, 312.51, 2097030, 2287
2673, 0, 1921, 1950, 1569, 136, 4.17%, 0, 168, 11, 305.43, 2098550, 2287
2678, 0, 1921, 1951, 1570, 136, 4.17%, 0, 168, 11, 327.22, 2100303, 2287
2683, 0, 1921, 1951, 1570, 136, 4.17%, 0, 168, 11, 323.53, 2101965, 2287
2688, 0, 1921, 1952, 1571, 136, 4.17%, 0, 168, 11, 317.98, 2103556, 2287
2693, 0, 1921, 1953, 1572, 136, 4.17%, 0, 168, 11, 286.79, 2105051, 2287
2699, 0, 1921, 1953, 1572, 136, 4.17%, 0, 169, 11, 20.71, 2106468, 2287
2704, 0, 1921, 1953, 1572, 136, 4.17%, 0, 169, 11, 349.56, 2108256, 2287
2709, 0, 1921, 1953, 1572, 136, 4.17%, 0, 169, 11, 320.91, 2109870, 2287
2714, 0, 1921, 1953, 1572, 136, 4.17%, 0, 169, 11, 336.23, 2111586, 2287
2719, 0, 1725, 1953, 1571, 139, 4.17%, 0, 169, 11, 69.54, 2113546, 2287
2724, 0, 1739, 1955, 1572, 138, 4.17%, 0, 169, 11, 460.00, 2115294, 2287
2729, 0, 1767, 1955, 1571, 137, 4.17%, 0, 169, 11, 397.66, 2117350, 2287
2734, 0, 1767, 1956, 1572, 137, 4.17%, 0, 169, 11, 369.69, 2119235, 2287
2740, 0, 1268, 1956, 1571, 136, 4.17%, 0, 169, 11, 637.88, 2121307, 2287
2745, 0, 1863, 1957, 1570, 135, 4.17%, 0, 169, 11, 1007.09, 2127278, 2287
2750, 0, 1752, 1960, 1572, 135, 4.18%, 0, 170, 11, 468.16, 2129334, 2290
2755, 0, 1637, 1961, 1572, 134, 4.18%, 0, 170, 11, 578.69, 2130893, 2290
2760, 0, 1804, 1961, 1570, 132, 4.18%, 0, 170, 11, 869.51, 2133254, 2290
2765, 0, 1888, 1961, 1569, 131, 4.18%, 0, 170, 11, 406.54, 2136445, 2290
2770, 0, 1470, 1965, 1571, 131, 4.18%, 0, 170, 12, 574.76, 2139955, 2292
2776, 0, 1892, 1966, 1571, 130, 4.18%, 0, 171, 12, 432.41, 2141070, 2292
2781, 0, 1859, 1966, 1570, 129, 4.18%, 0, 171, 12, 540.53, 2142881, 2292
2786, 0, 1948, 1968, 1571, 128, 4.18%, 0, 171, 12, 172.09, 2144442, 2292
2791, 0, 1948, 1971, 1574, 128, 4.18%, 0, 171, 12, 306.75, 2146142, 2292
2796, 0, 1948, 1971, 1574, 128, 4.18%, 0, 171, 12, 340.43, 2147878, 2292
2801, 0, 1948, 1971, 1574, 128, 4.18%, 0, 171, 12, 363.58, 2149787, 2292
2806, 0, 1948, 1971, 1574, 128, 4.18%, 0, 171, 12, 365.29, 2151628, 2292
2812, 0, 1948, 1972, 1575, 128, 4.18%, 0, 171, 12, 399.13, 2153791, 2292
2817, 0, 1948, 1973, 1576, 128, 4.18%, 0, 171, 12, 389.51, 2155751, 2292
2822, 0, 1948, 1973, 1576, 128, 4.18%, 0, 171, 12, 401.76, 2157766, 2292
2827, 0, 1948, 1973, 1576, 128, 4.18%, 0, 171, 12, 405.03, 2159822, 2292
2832, 0, 1948, 1973, 1576, 128, 4.18%, 0, 171, 12, 365.68, 2161645, 2292
2837, 0, 1948, 1974, 1577, 128, 4.18%, 0, 171, 12, 407.88, 2163613, 2292
2842, 0, 1895, 1974, 1576, 128, 4.18%, 0, 171, 12, 70.04, 2165894, 2292
2847, 0, 1281, 1974, 1575, 127, 4.18%, 0, 172, 12, 36.28, 2167329, 2292
2852, 0, 1831, 1975, 1575, 126, 4.18%, 0, 172, 12, 285.07, 2169059, 2292
2858, 0, 1943, 1975, 1574, 126, 4.18%, 0, 173, 12, 33.47, 2170713, 2292
2864, 0, 1943, 1977, 1576, 126, 4.18%, 0, 173, 12, 333.16, 2172557, 2293
2869, 0, 1943, 1977, 1576, 126, 4.18%, 0, 173, 12, 306.74, 2174135, 2293
2874, 0, 1943, 1977, 1576, 126, 4.18%, 0, 173, 12, 442.50, 2176221, 2293
2879, 0, 1807, 1977, 1574, 125, 4.18%, 0, 173, 12, 540.49, 2178455, 2293
2884, 0, 1807, 1978, 1575, 125, 4.18%, 0, 173, 12, 171.20, 2180054, 2293
2889, 0, 1870, 1978, 1574, 125, 4.18%, 0, 173, 12, 321.74, 2181705, 2293
2894, 0, 1870, 1978, 1574, 125, 4.18%, 0, 173, 12, 64.90, 2182963, 2293
2900, 0, 1840, 1978, 1571, 122, 4.18%, 0, 173, 12, 1090.81, 2186420, 2293
2905, 0, 1840, 1979, 1572, 122, 4.18%, 0, 173, 12, 251.60, 2187945, 2293
2910, 0, 1840, 1979, 1572, 122, 4.18%, 0, 173, 12, 250.55, 2189249, 2293
2915, 0, 1395, 1981, 1573, 121, 4.18%, 0, 173, 12, 391.57, 2191366, 2293
2920, 0, 1395, 1981, 1573, 121, 4.18%, 0, 173, 12, 774.51, 2192399, 2293
2925, 0, 1521, 1982, 1573, 122, 4.18%, 0, 173, 12, 333.81, 2194300, 2293
2930, 0, 1529, 1983, 1573, 122, 4.18%, 0, 173, 12, 399.42, 2196202, 2293
2935, 0, 1980, 1983, 1572, 122, 4.18%, 0, 173, 12, 443.29, 2197903, 2293
2941, 0, 1231, 1984, 1570, 120, 4.18%, 0, 174, 12, 1094.76, 2201504, 2293
2946, 0, 1871, 1985, 1570, 119, 4.18%, 0, 174, 12, 37.31, 2204970, 2293
2951, 0, 1871, 1986, 1571, 119, 4.18%, 0, 174, 12, 365.11, 2206607, 2293
2956, 0, 1871, 1987, 1572, 119, 4.18%, 0, 174, 12, 419.57, 2208744, 2293
2961, 0, 1425, 1987, 1571, 118, 4.18%, 0, 174, 12, 917.94, 2210908, 2293
2966, 0, 1931, 1988, 1571, 117, 4.18%, 0, 175, 12, 258.13, 2212570, 2293
2971, 0, 1931, 1990, 1573, 117, 4.18%, 0, 175, 12, 308.49, 2214236, 2294
2977, 0, 1931, 1990, 1573, 117, 4.18%, 0, 175, 12, 340.53, 2216006, 2294
2982, 0, 1931, 1990, 1573, 117, 4.18%, 0, 175, 12, 344.11, 2217779, 2294
2987, 0, 1931, 1990, 1573, 117, 4.18%, 0, 175, 12, 340.00, 2219402, 2294
2992, 0, 1931, 1990, 1573, 117, 4.18%, 0, 175, 12, 294.94, 2220810, 2294
2997, 0, 1931, 1990, 1573, 117, 4.18%, 0, 175, 12, 216.15, 2221720, 2294
3002, 0, 1361, 1990, 1572, 117, 4.18%, 0, 175, 12, 1002.29, 2223371, 2294
3007, 0, 1079, 1990, 1570, 115, 4.18%, 0, 175, 12, 412.16, 2225741, 2294
3013, 0, 1962, 1999, 1577, 117, 4.19%, 0, 175, 13, 997.53, 2231618, 2298
3018, 0, 1962, 1999, 1577, 117, 4.19%, 0, 175, 13, 1249.22, 2238126, 2298
3023, 0, 1988, 1999, 1575, 115, 4.19%, 0, 175, 13, 171.67, 2243972, 2298
3028, 0, 1988, 1999, 1575, 115, 4.19%, 0, 176, 13, 281.16, 2245173, 2298
3033, 0, 1876, 1999, 1573, 113, 4.19%, 0, 176, 13, 134.97, 2246592, 2298
3038, 0, 1876, 2002, 1576, 113, 4.19%, 0, 176, 13, 246.06, 2248048, 2298
3043, 0, 1876, 2002, 1576, 113, 4.19%, 0, 176, 13, 308.99, 2249680, 2298
3048, 0, 1876, 2002, 1576, 113, 4.19%, 0, 176, 13, 295.36, 2251216, 2298
3054, 0, 1876, 2002, 1576, 113, 4.19%, 0, 176, 13, 322.80, 2252908, 2298
3059, 0, 1876, 2002, 1576, 113, 4.19%, 0, 176, 13, 336.29, 2254558, 2298
3064, 0, 1876, 2003, 1577, 113, 4.19%, 0, 176, 13, 333.64, 2256203, 2298
3069, 0, 1876, 2003, 1577, 113, 4.19%, 0, 176, 13, 341.62, 2257961, 2298
3074, 0, 1876, 2003, 1577, 113, 4.19%, 0, 176, 13, 314.83, 2259497, 2298
3079, 0, 1876, 2003, 1577, 113, 4.19%, 0, 176, 13, 287.69, 2260805, 2298
3084, 0, 1876, 2003, 1577, 113, 4.19%, 0, 176, 13, 330.27, 2262474, 2298
3089, 0, 1876, 2004, 1578, 113, 4.19%, 0, 176, 13, 332.49, 2264029, 2298
3094, 0, 1876, 2005, 1579, 113, 4.19%, 0, 176, 13, 349.74, 2265707, 2299
3099, 0, 167, 2005, 1578, 113, 4.19%, 0, 176, 13, 488.60, 2267932, 2299
3105, 0, 1916, 2019, 1589, 112, 4.21%, 0, 176, 13, 989.97, 2273626, 2309
3110, 0, 1981, 2020, 1589, 115, 4.21%, 0, 176, 13, 56.62, 2275503, 2309
3115, 0, 1950, 2020, 1588, 114, 4.21%, 0, 176, 13, 269.60, 2276391, 2309
3120, 0, 1950, 2021, 1589, 114, 4.21%, 0, 176, 13, 322.70, 2278164, 2309
3125, 0, 1950, 2021, 1589, 114, 4.21%, 0, 176, 13, 197.17, 2279174, 2309
3130, 0, 1813, 2021, 1588, 114, 4.21%, 0, 176, 13, 329.67, 2280714, 2309
3135, 0, 1813, 2021, 1588, 114, 4.21%, 0, 176, 13, 119.42, 2282080, 2309
3140, 0, 535, 2022, 1587, 113, 4.21%, 0, 176, 13, 626.66, 2284626, 2310
3146, 0, 1911, 2023, 1586, 111, 4.21%, 0, 176, 13, 125.78, 2289516, 2310
3151, 0, 1833, 2023, 1585, 110, 4.21%, 0, 176, 13, 319.78, 2291451, 2310
3156, 0, 161, 2024, 1585, 109, 4.21%, 0, 176, 13, 458.93, 2293348, 2310
3161, 0, 1683, 2025, 1583, 106, 4.21%, 0, 176, 13, 1032.95, 2299027, 2310
3166, 0, 1945, 2027, 1584, 105, 4.21%, 0, 176, 13, 277.91, 2302048, 2310
3171, 0, 1945, 2028, 1585, 105, 4.21%, 0, 176, 13, 336.66, 2303867, 2311
3177, 0, 1945, 2029, 1586, 105, 4.21%, 0, 176, 13, 318.22, 2305518, 2311
3182, 0, 1945, 2031, 1588, 105, 4.22%, 0, 176, 13, 331.21, 2307224, 2312
3187, 0, 1945, 2034, 1591, 105, 4.22%, 0, 176, 13, 332.04, 2308878, 2312
3192, 0, 1945, 2036, 1593, 105, 4.22%, 0, 176, 13, 369.06, 2310767, 2312
3197, 0, 1945, 2036, 1593, 105, 4.22%, 0, 177, 13, 64.49, 2312289, 2312
3202, 0, 1945, 2036, 1593, 105, 4.22%, 0, 177, 13, 424.07, 2313956, 2312
3208, 0, 1945, 2036, 1593, 105, 4.22%, 0, 177, 13, 377.47, 2315774, 2312
3213, 0, 1945, 2036, 1593, 105, 4.22%, 0, 177, 13, 385.02, 2317755, 2312
3218, 0, 1945, 2036, 1593, 105, 4.22%, 0, 177, 13, 359.20, 2319513, 2312
3223, 0, 1945, 2036, 1593, 105, 4.22%, 0, 177, 13, 286.50, 2321098, 2312
3228, 0, 1873, 2036, 1592, 106, 4.22%, 0, 179, 13, 199.10, 2321916, 2312
3233, 0, 1873, 2038, 1594, 106, 4.22%, 0, 179, 13, 319.66, 2323673, 2313
3238, 0, 1873, 2038, 1594, 106, 4.22%, 0, 179, 13, 315.97, 2325251, 2313
3243, 0, 1873, 2038, 1594, 106, 4.22%, 0, 179, 13, 89.19, 2326916, 2313
3248, 0, 1873, 2038, 1594, 106, 4.22%, 0, 179, 13, 211.89, 2328342, 2313
3254, 0, 1727, 2038, 1593, 107, 4.22%, 0, 179, 13, 421.05, 2329632, 2313
3259, 0, 1531, 2039, 1591, 105, 4.22%, 0, 179, 13, 112.73, 2332182, 2313
3264, 0, 1254, 2040, 1591, 104, 4.22%, 0, 179, 13, 326.04, 2333755, 2313
3269, 0, 1979, 2041, 1591, 103, 4.22%, 0, 179, 13, 389.13, 2336683, 2313
3274, 0, 964, 2041, 1590, 102, 4.22%, 0, 179, 13, 505.88, 2338351, 2313
3279, 0, 2036, 2043, 1591, 101, 4.22%, 0, 179, 13, 210.37, 2339815, 2314
3285, 0, 2036, 2043, 1591, 101, 4.22%, 0, 180, 13, 36.97, 2341152, 2314
3290, 0, 2036, 2043, 1591, 101, 4.22%, 0, 180, 13, 300.84, 2342727, 2314
3295, 0, 2036, 2046, 1594, 101, 4.23%, 0, 180, 13, 337.85, 2344415, 2320
3300, 0, 2036, 2047, 1595, 101, 4.23%, 0, 180, 13, 328.69, 2346120, 2320
3305, 0, 2036, 2048, 1596, 101, 4.23%, 0, 180, 13, 289.57, 2347482, 2320
3310, 0, 2036, 2049, 1597, 101, 4.23%, 0, 180, 13, 278.91, 2348944, 2320
3315, 0, 2036, 2051, 1599, 101, 4.23%, 0, 180, 13, 303.30, 2350570, 2320
3320, 0, 2036, 2051, 1599, 101, 4.23%, 0, 180, 13, 337.91, 2352208, 2320
3325, 0, 2036, 2052, 1600, 101, 4.23%, 0, 180, 13, 330.82, 2353805, 2321
3331, 0, 2036, 2052, 1600, 101, 4.23%, 0, 180, 13, 341.41, 2355455, 2321
3336, 0, 2036, 2052, 1600, 101, 4.23%, 0, 180, 13, 397.40, 2356896, 2321
3341, 0, 2036, 2052, 1600, 101, 4.23%, 0, 180, 13, 232.43, 2357936, 2321
3347, 0, 1922, 2052, 1599, 105, 4.23%, 0, 181, 13, 60.68, 2359979, 2321
3352, 0, 1922, 2052, 1599, 105, 4.23%, 0, 181, 13, 115.67, 2361149, 2321
3357, 0, 1957, 2055, 1601, 104, 4.23%, 0, 181, 13, 905.95, 2363372, 2321
3362, 0, 1957, 2057, 1603, 104, 4.23%, 0, 181, 13, 1065.27, 2369356, 2322
3368, 0, 2052, 2057, 1601, 105, 4.23%, 0, 181, 13, 966.02, 2371074, 2322
3373, 0, 1591, 2057, 1600, 104, 4.23%, 0, 181, 13, 357.26, 2373225, 2322
3378, 0, 1835, 2059, 1601, 103, 4.23%, 0, 181, 13, 320.98, 2374773, 2322
3383, 0, 1835, 2060, 1602, 103, 4.23%, 0, 181, 13, 329.98, 2376448, 2322
3388, 0, 1835, 2060, 1602, 103, 4.23%, 0, 181, 13, 309.23, 2377948, 2322
3393, 0, 1835, 2060, 1602, 103, 4.23%, 0, 181, 13, 345.14, 2379796, 2322
3398, 0, 1055, 2060, 1600, 101, 4.23%, 0, 181, 13, 646.24, 2382959, 2322
3403, 0, 1927, 2062, 1600, 101, 4.24%, 0, 181, 13, 204.53, 2387915, 2323
3409, 0, 1927, 2063, 1601, 101, 4.24%, 0, 181, 13, 273.43, 2389455, 2323
3414, 0, 1927, 2064, 1602, 101, 4.24%, 0, 181, 13, 378.89, 2391564, 2323
3419, 0, 1539, 2064, 1601, 100, 4.24%, 0, 181, 13, 45.63, 2392990, 2323
3424, 0, 1643, 2064, 1600, 99, 4.24%, 0, 181, 13, 153.16, 2394285, 2323
3429, 0, 1992, 2064, 1598, 97, 4.24%, 0, 181, 13, 624.97, 2397228, 2323
3434, 0, 1525, 2066, 1598, 97, 4.24%, 0, 181, 13, 68.29, 2399515, 2325
3439, 0, 2051, 2068, 1599, 96, 4.24%, 0, 181, 13, 224.96, 2400729, 2325
3444, 0, 2051, 2068, 1599, 96, 4.24%, 0, 181, 13, 324.08, 2402583, 2325
3449, 0, 2051, 2068, 1599, 96, 4.24%, 0, 181, 13, 326.94, 2404281, 2325
3454, 0, 2051, 2069, 1600, 96, 4.24%, 0, 182, 13, 71.54, 2405154, 2327
3460, 0, 2051, 2070, 1601, 96, 4.24%, 0, 182, 13, 687.43, 2406144, 2327
3465, 0, 2004, 2070, 1600, 96, 4.24%, 0, 183, 13, 285.29, 2407358, 2327
3470, 0, 2004, 2073, 1603, 96, 4.24%, 0, 183, 13, 289.79, 2408765, 2327
3475, 0, 2004, 2073, 1603, 96, 4.24%, 0, 183, 13, 318.99, 2410420, 2327
3480, 0, 2004, 2074, 1604, 96, 4.24%, 0, 183, 13, 287.35, 2411922, 2327
3485, 0, 2004, 2075, 1605, 96, 4.24%, 0, 183, 13, 303.33, 2413458, 2327
3491, 0, 2004, 2076, 1606, 96, 4.24%, 0, 183, 13, 295.51, 2415055, 2327
3496, 0, 2004, 2076, 1606, 96, 4.24%, 0, 184, 13, 36.31, 2416292, 2327
3501, 0, 2004, 2076, 1606, 96, 4.24%, 0, 184, 13, 299.26, 2417897, 2327
3506, 0, 2004, 2078, 1608, 96, 4.24%, 0, 184, 13, 314.23, 2419426, 2328
3511, 0, 2004, 2078, 1608, 96, 4.24%, 0, 184, 13, 332.58, 2421148, 2328
3516, 0, 2004, 2079, 1609, 96, 4.25%, 0, 184, 13, 320.51, 2422727, 2329
3522, 0, 2004, 2080, 1610, 96, 4.25%, 0, 184, 13, 287.48, 2424120, 2329
3527, 0, 2004, 2080, 1610, 96, 4.25%, 0, 184, 13, 337.40, 2425908, 2329
3532, 0, 2004, 2080, 1610, 96, 4.25%, 0, 184, 13, 332.10, 2427600, 2329
3537, 0, 2004, 2080, 1610, 96, 4.25%, 0, 184, 13, 316.69, 2429244, 2329
3542, 0, 2004, 2080, 1610, 96, 4.25%, 0, 184, 13, 314.11, 2430858, 2329
3547, 0, 2004, 2080, 1610, 96, 4.25%, 0, 184, 13, 69.28, 2432567, 2329
3552, 0, 2060, 2083, 1612, 101, 4.25%, 0, 184, 13, 933.66, 2436796, 2331
3557, 0, 1854, 2087, 1614, 100, 4.25%, 0, 184, 13, 233.77, 2440161, 2331
3563, 0, 1854, 2088, 1615, 100, 4.25%, 0, 185, 13, 220.49, 2441297, 2331
3568, 0, 1854, 2089, 1616, 100, 4.25%, 0, 185, 13, 289.71, 2442959, 2331
3573, 0, 1854, 2089, 1616, 100, 4.25%, 0, 186, 13, 6.97, 2444583, 2331
3578, 0, 1854, 2089, 1616, 100, 4.25%, 0, 186, 13, 310.48, 2446259, 2331
3583, 0, 1854, 2090, 1617, 100, 4.25%, 0, 186, 13, 312.54, 2447904, 2331
3588, 0, 1854, 2092, 1619, 100, 4.25%, 0, 186, 13, 342.60, 2449670, 2331
3593, 0, 1854, 2092, 1619, 100, 4.25%, 0, 186, 13, 340.93, 2451476, 2331
3599, 0, 1854, 2092, 1619, 100, 4.25%, 0, 187, 13, 291.88, 2452772, 2331
3604, 0, 1854, 2093, 1620, 100, 4.25%, 0, 187, 13, 304.14, 2454316, 2332
3609, 0, 1854, 2094, 1621, 100, 4.25%, 0, 187, 13, 331.50, 2456111, 2332
3614, 0, 1854, 2094, 1621, 100, 4.25%, 0, 187, 13, 320.07, 2457707, 2332
3619, 0, 1854, 2095, 1622, 100, 4.25%, 0, 187, 13, 323.13, 2459298, 2332
3624, 0, 1854, 2095, 1622, 100, 4.25%, 0, 187, 13, 299.53, 2460870, 2332
3629, 0, 1854, 2095, 1622, 100, 4.25%, 0, 187, 13, 329.56, 2462598, 2332
3634, 0, 1854, 2095, 1622, 100, 4.25%, 0, 187, 13, 372.53, 2464439, 2332
3639, 0, 1770, 2095, 1621, 101, 4.25%, 0, 187, 13, 391.21, 2465547, 2332
3642, 0, 1770, 2095, 1621, 101, 4.25%, 0, 187, 13, 403.02, 2466535, 2332
