# relative_time, cycles_done, cur_item, corpus_count, pending_total, pending_favs, map_size, saved_crashes, saved_hangs, max_depth, execs_per_sec, total_execs, edges_found
61, 0, 65, 348, 335, 109, 1.39%, 0, 0, 7, 2881.94, 171121, 491
66, 0, 65, 360, 347, 109, 1.42%, 0, 0, 7, 3130.91, 186960, 503
71, 0, 65, 364, 351, 109, 1.43%, 0, 0, 7, 3061.81, 202399, 507
76, 0, 164, 403, 389, 128, 1.58%, 0, 0, 7, 2797.22, 215654, 559
81, 0, 164, 413, 399, 128, 1.60%, 0, 0, 7, 2930.45, 231038, 568
86, 0, 157, 439, 424, 132, 1.70%, 0, 0, 7, 2481.12, 243273, 602
91, 0, 306, 487, 471, 146, 1.87%, 0, 0, 8, 2385.89, 255774, 662
96, 0, 306, 501, 485, 146, 1.90%, 0, 0, 8, 2621.99, 269843, 673
101, 0, 306, 506, 490, 146, 1.91%, 0, 0, 8, 2450.84, 283019, 677
106, 0, 372, 533, 516, 151, 2.01%, 0, 0, 8, 3030.86, 298935, 711
111, 0, 372, 542, 525, 151, 2.03%, 0, 0, 8, 2510.74, 311092, 719
116, 0, 372, 560, 543, 151, 2.07%, 0, 0, 8, 2500.05, 324274, 732
122, 0, 518, 591, 573, 162, 2.21%, 0, 0, 8, 2410.67, 336017, 782
127, 0, 518, 607, 589, 162, 2.23%, 0, 0, 8, 2292.10, 347604, 790
132, 0, 518, 619, 601, 162, 2.26%, 0, 0, 8, 2493.64, 360529, 799
137, 0, 94, 657, 637, 182, 2.36%, 0, 0, 8, 2102.18, 370714, 836
142, 0, 94, 682, 662, 182, 2.37%, 0, 0, 8, 2379.70, 383714, 841
147, 0, 94, 696, 676, 182, 2.40%, 0, 0, 8, 2312.19, 395281, 852
152, 0, 648, 745, 723, 194, 2.50%, 0, 0, 8, 2777.91, 408601, 887
157, 0, 648, 762, 740, 194, 2.55%, 0, 0, 8, 2813.56, 422742, 905
162, 0, 648, 767, 745, 194, 2.56%, 0, 0, 8, 3134.62, 438210, 908
167, 0, 663, 795, 772, 213, 2.61%, 0, 0, 8, 2325.95, 449306, 923
172, 0, 663, 801, 778, 213, 2.61%, 0, 0, 8, 2576.02, 462556, 923
177, 0, 663, 808, 785, 213, 2.61%, 0, 0, 8, 3099.22, 478544, 923
182, 0, 756, 832, 808, 219, 2.64%, 0, 0, 8, 2609.10, 491393, 936
187, 0, 756, 842, 818, 219, 2.66%, 0, 0, 8, 2650.37, 504361, 941
192, 0, 756, 847, 823, 219, 2.66%, 0, 0, 8, 2683.53, 516743, 941
198, 0, 397, 866, 841, 221, 2.68%, 0, 0, 8, 2539.22, 529396, 951
203, 0, 397, 871, 846, 221, 2.69%, 0, 0, 8, 2560.94, 542248, 953
208, 0, 557, 889, 863, 223, 2.70%, 0, 0, 8, 3181.47, 559189, 958
213, 0, 557, 901, 875, 223, 2.73%, 0, 0, 8, 2764.94, 572494, 966
218, 0, 557, 913, 887, 223, 2.73%, 0, 0, 8, 2800.80, 586119, 966
223, 0, 626, 937, 909, 221, 2.76%, 0, 0, 9, 2640.64, 599518, 978
228, 0, 626, 944, 916, 221, 2.76%, 0, 0, 9, 2754.71, 613795, 979
233, 0, 949, 973, 944, 221, 2.78%, 0, 0, 10, 2346.10, 625555, 984
238, 0, 843, 990, 960, 222, 2.82%, 0, 0, 10, 2606.99, 639094, 1000
243, 0, 843, 999, 969, 222, 2.83%, 0, 0, 10, 2758.43, 652364, 1003
249, 0, 579, 1019, 988, 223, 2.86%, 0, 0, 10, 2840.57, 666648, 1013
254, 0, 579, 1033, 1002, 223, 2.86%, 0, 0, 10, 2879.03, 680589, 1015
259, 0, 822, 1060, 1027, 226, 2.90%, 0, 0, 10, 2575.54, 693519, 1028
264, 0, 822, 1073, 1040, 226, 2.99%, 0, 0, 10, 2858.92, 708102, 1060
269, 0, 198, 1102, 1067, 244, 3.08%, 0, 0, 10, 2841.72, 721762, 1091
274, 0, 1072, 1122, 1085, 243, 3.11%, 0, 0, 10, 2793.62, 735253, 1101
279, 0, 1072, 1129, 1092, 243, 3.11%, 0, 0, 10, 2783.34, 748534, 1103
284, 0, 618, 1147, 1106, 246, 3.12%, 0, 0, 10, 2524.36, 760910, 1104
289, 0, 862, 1171, 1128, 250, 3.17%, 0, 0, 10, 2617.04, 775058, 1123
294, 0, 862, 1180, 1137, 250, 3.20%, 0, 0, 10, 2533.91, 787948, 1135
299, 0, 500, 1190, 1146, 251, 3.20%, 0, 0, 10, 3078.47, 803080, 1135
305, 0, 1197, 1220, 1175, 257, 3.29%, 0, 0, 10, 2695.51, 816290, 1165
310, 0, 1197, 1230, 1185, 257, 3.30%, 0, 0, 10, 2726.54, 830238, 1168
315, 0, 1121, 1243, 1197, 260, 3.31%, 0, 0, 10, 2676.49, 844254, 1171
320, 0, 1121, 1244, 1198, 260, 3.31%, 0, 0, 10, 2790.35, 857448, 1173
325, 0, 425, 1271, 1222, 260, 3.32%, 0, 0, 10, 2549.51, 870334, 1177
330, 0, 1214, 1281, 1230, 260, 3.33%, 0, 0, 11, 2674.92, 884238, 1179
335, 0, 1214, 1284, 1233, 260, 3.33%, 0, 0, 11, 2693.79, 897019, 1181
340, 0, 994, 1295, 1241, 256, 3.38%, 0, 0, 11, 2633.73, 910743, 1197
345, 0, 994, 1303, 1249, 256, 3.39%, 0, 0, 11, 2519.03, 922943, 1201
350, 0, 1112, 1314, 1259, 263, 3.43%, 0, 0, 11, 2558.63, 936389, 1216
355, 0, 1112, 1323, 1268, 263, 3.46%, 0, 0, 11, 2669.02, 950788, 1226
360, 0, 688, 1337, 1281, 264, 3.47%, 0, 0, 11, 2838.69, 965325, 1228
365, 0, 688, 1341, 1285, 264, 3.47%, 0, 0, 11, 2551.99, 978298, 1229
370, 0, 757, 1362, 1304, 267, 3.49%, 0, 0, 11, 2603.29, 992627, 1237
375, 0, 752, 1373, 1313, 264, 3.50%, 0, 0, 11, 2692.48, 1006214, 1239
380, 0, 752, 1379, 1319, 264, 3.50%, 0, 0, 11, 2679.53, 1019828, 1240
385, 0, 678, 1388, 1327, 264, 3.53%, 0, 0, 11, 3134.01, 1036467, 1249
390, 0, 1179, 1408, 1346, 265, 3.58%, 0, 0, 11, 2824.51, 1049964, 1268
395, 0, 1179, 1412, 1350, 265, 3.58%, 0, 0, 11, 2787.72, 1063962, 1269
402, 0, 1407, 1429, 1366, 265, 3.58%, 0, 1, 11, 2605.89, 1077431, 1269
407, 0, 1326, 1451, 1385, 260, 3.61%, 0, 1, 11, 2707.87, 1090962, 1280
412, 0, 1326, 1452, 1386, 260, 3.62%, 0, 1, 11, 2897.25, 1105925, 1282
417, 0, 1008, 1477, 1408, 263, 3.66%, 0, 1, 11, 2818.82, 1119722, 1297
422, 0, 1008, 1493, 1424, 263, 3.70%, 0, 1, 11, 2634.76, 1133168, 1310
427, 0, 287, 1499, 1428, 279, 3.71%, 0, 1, 11, 2411.09, 1145263, 1313
432, 0, 1489, 1516, 1444, 279, 3.72%, 0, 1, 11, 2712.63, 1158911, 1319
437, 0, 1489, 1523, 1451, 279, 3.73%, 0, 1, 11, 2553.83, 1171820, 1320
442, 0, 1511, 1542, 1469, 282, 3.73%, 0, 1, 12, 2464.88, 1184668, 1323
447, 0, 1511, 1550, 1477, 282, 3.75%, 0, 1, 12, 2775.81, 1198789, 1327
452, 0, 986, 1559, 1485, 282, 3.77%, 0, 1, 12, 2249.56, 1209086, 1335
457, 0, 986, 1563, 1489, 282, 3.78%, 0, 1, 12, 1983.85, 1218240, 1340
462, 0, 986, 1570, 1496, 282, 3.79%, 0, 1, 12, 2501.25, 1231069, 1344
468, 0, 1428, 1588, 1511, 284, 3.80%, 0, 2, 12, 207.33, 1242654, 1347
473, 0, 1428, 1599, 1522, 284, 3.82%, 0, 2, 12, 2270.02, 1254980, 1352
478, 0, 85, 1610, 1532, 287, 3.84%, 0, 2, 12, 2908.25, 1269269, 1360
483, 0, 870, 1620, 1539, 286, 3.84%, 0, 2, 12, 2764.05, 1283095, 1361
489, 0, 870, 1626, 1545, 286, 3.85%, 0, 2, 12, 2734.42, 1297481, 1363
494, 0, 777, 1633, 1551, 286, 3.88%, 0, 2, 12, 2648.50, 1310836, 1373
499, 0, 777, 1634, 1552, 286, 3.88%, 0, 2, 12, 2910.98, 1324830, 1373
504, 0, 936, 1641, 1558, 288, 3.88%, 0, 2, 12, 2891.41, 1339030, 1374
509, 0, 936, 1643, 1560, 288, 3.88%, 0, 2, 12, 2912.62, 1353304, 1374
514, 0, 1380, 1654, 1569, 288, 3.88%, 0, 2, 12, 2646.33, 1367246, 1376
519, 0, 490, 1658, 1572, 287, 3.90%, 0, 2, 12, 2801.82, 1380984, 1381
524, 0, 1304, 1665, 1577, 286, 3.90%, 0, 2, 12, 2671.75, 1393779, 1381
529, 0, 1379, 1679, 1590, 286, 3.95%, 0, 2, 12, 2428.15, 1406184, 1400
534, 0, 1379, 1686, 1597, 286, 3.97%, 0, 2, 12, 2036.01, 1415827, 1405
539, 0, 1379, 1691, 1602, 286, 3.97%, 0, 2, 12, 2363.65, 1427181, 1406
544, 0, 414, 1712, 1621, 296, 3.98%, 0, 3, 12, 3292.59, 1438654, 1411
549, 0, 725, 1730, 1637, 297, 4.02%, 0, 3, 12, 3105.70, 1454081, 1424
554, 0, 725, 1734, 1641, 297, 4.02%, 0, 3, 12, 2886.52, 1468547, 1424
559, 0, 1446, 1749, 1654, 299, 4.03%, 0, 3, 12, 2867.95, 1483447, 1429
564, 0, 956, 1766, 1670, 298, 4.04%, 0, 4, 12, 1343.37, 1492745, 1430
570, 0, 1068, 1781, 1683, 297, 4.05%, 0, 4, 12, 2424.41, 1505093, 1436
575, 0, 1173, 1787, 1688, 296, 4.05%, 0, 4, 12, 2902.06, 1520367, 1436
580, 0, 1177, 1804, 1704, 297, 4.06%, 0, 4, 12, 3221.35, 1537137, 1437
585, 0, 764, 1808, 1707, 297, 4.06%, 0, 4, 12, 3190.07, 1553048, 1437
590, 0, 1649, 1822, 1717, 293, 4.08%, 0, 4, 12, 2978.55, 1566803, 1445
595, 0, 1649, 1831, 1726, 293, 4.12%, 0, 4, 12, 2727.54, 1581108, 1459
600, 0, 731, 1846, 1738, 297, 4.13%, 0, 4, 12, 1631.97, 1594367, 1463
605, 0, 1824, 1856, 1747, 296, 4.15%, 0, 4, 13, 3095.07, 1611021, 1469
610, 0, 1735, 1866, 1754, 296, 4.17%, 0, 4, 13, 3334.61, 1628004, 1479
615, 0, 1735, 1873, 1761, 296, 4.22%, 0, 4, 13, 3454.36, 1644930, 1496
620, 0, 1817, 1881, 1768, 297, 4.23%, 0, 4, 13, 2951.11, 1659382, 1498
626, 0, 1823, 1885, 1770, 299, 4.23%, 0, 4, 13, 2575.93, 1672345, 1499
631, 0, 1823, 1889, 1774, 299, 4.23%, 0, 4, 13, 2419.70, 1684091, 1499
636, 0, 1556, 1903, 1785, 295, 4.27%, 0, 4, 13, 2836.49, 1699908, 1513
641, 0, 1556, 1914, 1796, 295, 4.27%, 0, 4, 13, 3111.10, 1715865, 1513
646, 0, 1293, 1921, 1802, 296, 4.27%, 0, 4, 13, 3035.14, 1731175, 1513
651, 0, 1345, 1929, 1809, 296, 4.28%, 0, 4, 13, 3085.18, 1746366, 1516
656, 0, 1345, 1933, 1813, 296, 4.28%, 0, 4, 13, 3334.17, 1764041, 1516
661, 0, 1905, 1950, 1827, 296, 4.29%, 0, 4, 13, 2671.00, 1778111, 1519
666, 0, 1905, 1955, 1832, 296, 4.29%, 0, 4, 13, 2722.49, 1791485, 1520
671, 0, 1826, 1960, 1836, 297, 4.29%, 0, 4, 13, 3245.90, 1808620, 1521
677, 0, 1223, 1967, 1842, 296, 4.30%, 0, 4, 13, 2880.27, 1823736, 1523
682, 0, 1223, 1972, 1847, 296, 4.32%, 0, 4, 13, 3183.58, 1839823, 1529
687, 0, 1880, 1981, 1854, 299, 4.32%, 0, 4, 14, 3115.14, 1855862, 1532
692, 0, 1880, 1985, 1858, 299, 4.32%, 0, 4, 14, 3035.27, 1871610, 1532
697, 0, 1409, 1991, 1863, 298, 4.32%, 0, 4, 14, 2391.26, 1883065, 1532
702, 0, 1409, 1992, 1864, 298, 4.32%, 0, 4, 14, 3011.88, 1899200, 1532
707, 0, 1969, 2000, 1871, 297, 4.33%, 0, 4, 14, 2903.43, 1913450, 1534
712, 0, 1870, 2002, 1872, 298, 4.33%, 0, 4, 14, 3022.86, 1929521, 1534
717, 0, 1870, 2008, 1878, 298, 4.35%, 0, 4, 14, 2914.26, 1944694, 1542
723, 0, 1760, 2014, 1882, 296, 4.37%, 0, 6, 14, 24.32, 1954552, 1547
728, 0, 1760, 2022, 1890, 296, 4.37%, 0, 8, 14, 98.04, 1957897, 1549
733, 0, 1760, 2026, 1894, 296, 4.37%, 0, 10, 14, 894.58, 1960408, 1549
738, 0, 1760, 2028, 1896, 296, 4.37%, 0, 12, 14, 983.61, 1963155, 1549
744, 0, 1760, 2030, 1898, 296, 4.37%, 0, 15, 14, 98.89, 1965671, 1550
749, 0, 1760, 2033, 1901, 296, 4.38%, 0, 16, 14, 1106.41, 1969565, 1551
754, 0, 1760, 2034, 1902, 296, 4.38%, 0, 16, 14, 1091.93, 1974958, 1551
759, 0, 457, 2036, 1903, 299, 4.38%, 0, 17, 14, 1863.97, 1980372, 1552
764, 0, 1722, 2054, 1919, 295, 4.38%, 0, 17, 14, 2836.86, 1997054, 1552
769, 0, 1722, 2060, 1925, 295, 4.38%, 0, 17, 14, 3055.36, 2013222, 1553
775, 0, 1938, 2072, 1935, 291, 4.38%, 0, 17, 14, 3036.39, 2028833, 1553
780, 0, 1938, 2079, 1942, 291, 4.38%, 0, 17, 14, 2903.09, 2042860, 1553
785, 0, 1938, 2086, 1949, 291, 4.38%, 0, 17, 14, 2345.02, 2054707, 1553
790, 0, 1889, 2093, 1955, 291, 4.40%, 0, 17, 14, 2948.10, 2069990, 1560
795, 0, 1727, 2104, 1965, 292, 4.41%, 0, 17, 14, 2908.71, 2084699, 1561
800, 0, 1727, 2106, 1967, 292, 4.41%, 0, 17, 14, 3183.02, 2101343, 1561
805, 0, 1283, 2113, 1970, 289, 4.41%, 0, 18, 14, 2323.19, 2113627, 1561
810, 0, 1625, 2128, 1982, 287, 4.41%, 0, 18, 14, 2481.17, 2125564, 1561
815, 0, 1625, 2131, 1985, 287, 4.41%, 0, 18, 14, 3261.81, 2143459, 1563
820, 0, 987, 2143, 1995, 285, 4.42%, 0, 18, 14, 2966.94, 2158174, 1565
825, 0, 103, 2153, 2000, 280, 4.43%, 0, 18, 14, 2848.38, 2172525, 1570
830, 0, 1929, 2172, 2015, 278, 4.45%, 0, 18, 14, 2671.22, 2185962, 1578
835, 0, 1929, 2176, 2019, 278, 4.46%, 0, 18, 14, 2722.78, 2200047, 1579
841, 0, 1532, 2182, 2024, 280, 4.46%, 0, 18, 14, 2670.59, 2213325, 1580
846, 0, 1700, 2188, 2029, 279, 4.48%, 0, 18, 14, 2836.63, 2227421, 1586
851, 0, 1952, 2194, 2033, 277, 4.49%, 0, 18, 14, 3058.73, 2243360, 1591
856, 0, 1952, 2202, 2041, 277, 4.50%, 0, 18, 14, 2802.95, 2256831, 1596
861, 0, 1872, 2207, 2044, 284, 4.51%, 0, 18, 14, 2788.02, 2271817, 1597
866, 0, 1872, 2213, 2050, 284, 4.52%, 0, 18, 14, 2986.63, 2287055, 1603
871, 0, 992, 2229, 2065, 287, 4.53%, 0, 18, 14, 2750.14, 2302093, 1606
876, 0, 2090, 2235, 2069, 285, 4.54%, 0, 18, 15, 2781.40, 2317093, 1607
881, 0, 1071, 2242, 2075, 285, 4.54%, 0, 18, 15, 2573.42, 2330982, 1608
886, 0, 2175, 2250, 2080, 284, 4.55%, 0, 18, 15, 3018.89, 2346383, 1612
891, 0, 2175, 2254, 2084, 284, 4.55%, 0, 18, 15, 2915.31, 2362205, 1612
896, 0, 1460, 2269, 2097, 283, 4.55%, 0, 18, 15, 2440.40, 2373600, 1613
901, 0, 1295, 2277, 2101, 282, 4.56%, 0, 18, 15, 2716.61, 2386941, 1616
906, 0, 723, 2282, 2102, 278, 4.56%, 0, 18, 15, 2892.23, 2400434, 1616
911, 0, 2057, 2304, 2121, 276, 4.60%, 0, 18, 15, 2729.54, 2413241, 1628
916, 0, 2057, 2308, 2125, 276, 4.60%, 0, 18, 15, 3041.08, 2428484, 1629
921, 0, 362, 2326, 2141, 282, 4.61%, 0, 18, 15, 3276.97, 2445343, 1633
926, 0, 1977, 2335, 2146, 278, 4.61%, 0, 18, 15, 2676.95, 2457598, 1633
931, 0, 2207, 2342, 2152, 277, 4.62%, 0, 18, 15, 3155.12, 2473313, 1636
938, 0, 2249, 2347, 2156, 278, 4.62%, 0, 20, 15, 279.12, 2486169, 1636
943, 0, 891, 2361, 2168, 273, 4.62%, 0, 21, 15, 2464.84, 2496740, 1638
948, 0, 2136, 2367, 2173, 272, 4.66%, 0, 21, 15, 3245.67, 2512542, 1650
953, 0, 2366, 2377, 2182, 276, 4.68%, 0, 21, 15, 3052.59, 2528086, 1657
958, 0, 2368, 2394, 2196, 277, 4.71%, 0, 21, 15, 2433.39, 2539727, 1667
963, 0, 1114, 2399, 2200, 275, 4.71%, 0, 21, 15, 2852.99, 2554458, 1667
968, 0, 1937, 2409, 2207, 274, 4.71%, 0, 21, 15, 2860.52, 2569123, 1670
973, 0, 1421, 2415, 2210, 271, 4.71%, 0, 21, 15, 2654.09, 2582393, 1670
978, 0, 1797, 2423, 2215, 269, 4.72%, 0, 22, 15, 1957.64, 2592296, 1671
983, 0, 2396, 2427, 2218, 268, 4.72%, 0, 22, 15, 2860.72, 2606942, 1671
988, 0, 2091, 2431, 2220, 266, 4.72%, 0, 22, 15, 3027.90, 2622439, 1672
993, 0, 2091, 2435, 2224, 266, 4.72%, 0, 22, 15, 2752.54, 2635631, 1672
999, 0, 1680, 2443, 2231, 268, 4.72%, 0, 22, 15, 2665.48, 2648992, 1674
1004, 0, 1803, 2447, 2234, 267, 4.72%, 0, 22, 15, 3141.21, 2663575, 1674
1009, 0, 2303, 2454, 2237, 263, 4.75%, 0, 22, 15, 2598.27, 2676754, 1683
1014, 0, 2303, 2457, 2240, 263, 4.75%, 0, 22, 15, 3121.91, 2693004, 1684
1019, 0, 2438, 2465, 2245, 265, 4.76%, 0, 22, 16, 2885.84, 2707921, 1687
1024, 0, 2438, 2468, 2248, 265, 4.76%, 0, 22, 16, 3360.64, 2725196, 1687
1029, 0, 2316, 2476, 2254, 268, 4.80%, 0, 22, 16, 2883.24, 2739381, 1700
1034, 0, 2046, 2480, 2257, 270, 4.80%, 0, 22, 16, 2932.29, 2754715, 1702
1039, 0, 2377, 2492, 2268, 269, 4.83%, 0, 22, 16, 2723.64, 2768223, 1712
1044, 0, 2377, 2501, 2277, 269, 4.84%, 0, 22, 16, 2932.95, 2782374, 1714
1049, 0, 2449, 2509, 2284, 271, 4.84%, 0, 22, 16, 2890.84, 2796970, 1714
1054, 0, 1243, 2515, 2288, 269, 4.84%, 0, 22, 16, 3328.07, 2813098, 1716
1060, 0, 682, 2522, 2294, 270, 4.85%, 0, 23, 16, 220.41, 2829894, 1717
1065, 0, 2514, 2529, 2300, 269, 4.87%, 0, 23, 16, 3427.44, 2845479, 1724
1070, 0, 2526, 2537, 2307, 270, 4.87%, 0, 23, 16, 2790.90, 2859685, 1725
1075, 0, 2451, 2551, 2320, 269, 4.87%, 0, 23, 16, 3040.34, 2875103, 1727
1080, 0, 1962, 2554, 2321, 270, 4.87%, 0, 23, 16, 2854.74, 2889619, 1727
1086, 0, 2464, 2559, 2322, 268, 4.88%, 0, 24, 17, 2372.60, 2900306, 1729
1091, 0, 2188, 2573, 2333, 265, 4.89%, 0, 24, 17, 2743.23, 2914525, 1732
1096, 0, 2188, 2575, 2335, 265, 4.89%, 0, 24, 17, 3093.34, 2930973, 1732
1101, 0, 1677, 2582, 2340, 263, 4.89%, 0, 24, 17, 2775.08, 2944189, 1734
1106, 0, 1729, 2587, 2343, 264, 4.90%, 0, 24, 17, 2858.55, 2959039, 1737
1111, 0, 2573, 2599, 2350, 259, 4.90%, 0, 24, 17, 2604.72, 2972356, 1737
1116, 0, 2573, 2604, 2355, 259, 4.91%, 0, 25, 17, 3096.42, 2983826, 1740
1121, 0, 2573, 2604, 2355, 259, 4.91%, 0, 26, 17, 581.07, 2995973, 1740
1126, 0, 1172, 2613, 2361, 258, 4.91%, 0, 27, 17, 3642.47, 3006918, 1740
1132, 0, 1558, 2619, 2362, 254, 4.91%, 0, 27, 17, 2795.80, 3020594, 1741
1137, 0, 2461, 2626, 2366, 253, 4.93%, 0, 27, 17, 2774.36, 3034421, 1745
1142, 0, 2358, 2632, 2369, 251, 4.93%, 0, 27, 17, 2712.67, 3047160, 1747
1147, 0, 2358, 2634, 2371, 251, 4.93%, 0, 27, 17, 3017.87, 3061134, 1747
1152, 0, 1451, 2639, 2374, 249, 4.93%, 0, 27, 17, 2894.69, 3076347, 1748
1157, 0, 492, 2646, 2379, 250, 4.94%, 0, 28, 17, 432.86, 3087446, 1749
1162, 0, 1830, 2658, 2387, 247, 4.94%, 0, 29, 17, 1331.13, 3097943, 1749
1167, 0, 2163, 2674, 2402, 246, 4.98%, 0, 29, 17, 2092.26, 3109627, 1763
1172, 0, 1596, 2682, 2409, 252, 4.98%, 0, 29, 17, 2402.16, 3122300, 1766
1177, 0, 1596, 2684, 2411, 252, 4.98%, 0, 30, 17, 2244.59, 3133067, 1766
1182, 0, 1596, 2685, 2412, 252, 4.98%, 0, 31, 17, 2413.23, 3145647, 1766
1187, 0, 1406, 2693, 2414, 246, 4.98%, 0, 31, 17, 2729.26, 3160729, 1766
1192, 0, 1502, 2703, 2421, 244, 4.98%, 0, 31, 17, 2740.94, 3174669, 1766
1197, 0, 1502, 2710, 2428, 244, 4.98%, 0, 31, 17, 2487.29, 3187863, 1766
1202, 0, 1968, 2723, 2439, 244, 5.01%, 0, 31, 17, 2895.27, 3202800, 1774
1208, 0, 1968, 2730, 2446, 244, 5.02%, 0, 31, 17, 3050.91, 3217853, 1778
1213, 0, 2253, 2739, 2451, 241, 5.02%, 0, 31, 17, 3044.05, 3232902, 1778
1218, 0, 2253, 2744, 2456, 241, 5.02%, 0, 31, 17, 3150.24, 3248982, 1778
1223, 0, 955, 2750, 2460, 239, 5.02%, 0, 31, 17, 3198.37, 3264669, 1778
1228, 0, 2197, 2753, 2460, 238, 5.02%, 0, 31, 17, 2907.13, 3280163, 1778
1233, 0, 2087, 2759, 2462, 235, 5.02%, 0, 31, 17, 2960.95, 3294440, 1778
1238, 0, 2673, 2766, 2465, 233, 5.02%, 0, 31, 17, 2685.57, 3308817, 1780
1243, 0, 2673, 2769, 2468, 233, 5.03%, 0, 31, 17, 2633.74, 3321636, 1781
1248, 0, 1537, 2772, 2469, 231, 5.03%, 0, 31, 17, 2739.52, 3336354, 1781
1253, 0, 650, 2781, 2474, 229, 5.03%, 0, 31, 17, 2870.31, 3351043, 1782
1259, 0, 2137, 2789, 2479, 226, 5.03%, 0, 31, 17, 2619.61, 3363841, 1782
1264, 0, 2487, 2803, 2491, 225, 5.05%, 0, 31, 17, 2675.77, 3377961, 1788
1269, 0, 2487, 2804, 2492, 225, 5.05%, 0, 31, 17, 2910.18, 3393736, 1788
1274, 0, 2012, 2809, 2496, 227, 5.05%, 0, 31, 17, 3171.49, 3410333, 1790
1279, 0, 2020, 2812, 2498, 228, 5.05%, 0, 32, 17, 1871.33, 3422385, 1790
1284, 0, 1994, 2817, 2500, 226, 5.05%, 0, 32, 17, 2621.75, 3435477, 1790
1289, 0, 2727, 2824, 2507, 226, 5.07%, 0, 33, 17, 2622.99, 3447998, 1795
1294, 0, 2727, 2829, 2512, 226, 5.08%, 0, 33, 17, 2696.20, 3462309, 1799
1300, 0, 842, 2834, 2515, 226, 5.08%, 0, 34, 17, 240.97, 3477108, 1799
1305, 0, 1454, 2838, 2517, 226, 5.08%, 0, 35, 17, 3471.80, 3489237, 1801
1310, 0, 788, 2848, 2522, 224, 5.09%, 0, 35, 17, 3360.91, 3502803, 1805
1315, 0, 2193, 2853, 2522, 220, 5.09%, 0, 35, 17, 3091.75, 3518191, 1805
1320, 0, 2800, 2865, 2533, 219, 5.11%, 0, 35, 17, 3275.58, 3534085, 1809
1325, 0, 2800, 2868, 2536, 219, 5.11%, 0, 35, 17, 2972.68, 3548950, 1809
1330, 0, 2847, 2872, 2538, 220, 5.11%, 0, 35, 17, 2697.67, 3562702, 1809
1335, 0, 2474, 2879, 2542, 217, 5.12%, 0, 35, 17, 2668.35, 3577209, 1815
1340, 0, 2474, 2884, 2547, 217, 5.17%, 0, 35, 17, 3159.09, 3593175, 1831
1346, 0, 2843, 2894, 2556, 222, 5.22%, 0, 35, 17, 3220.49, 3609950, 1850
1351, 0, 2843, 2895, 2557, 222, 5.22%, 0, 35, 17, 3017.00, 3624608, 1850
1356, 0, 2886, 2900, 2557, 220, 5.22%, 0, 35, 17, 2935.62, 3639895, 1850
1361, 0, 2372, 2907, 2560, 217, 5.24%, 0, 35, 17, 3004.54, 3654956, 1856
1366, 0, 2614, 2912, 2564, 218, 5.24%, 0, 35, 17, 3131.48, 3671183, 1856
1371, 0, 2614, 2914, 2566, 218, 5.24%, 0, 35, 17, 3134.00, 3686426, 1856
1376, 0, 2825, 2924, 2575, 217, 5.24%, 0, 35, 17, 2799.08, 3701088, 1857
1381, 0, 2246, 2926, 2576, 217, 5.24%, 0, 35, 17, 2840.80, 3715387, 1857
1386, 0, 2385, 2931, 2579, 216, 5.24%, 0, 36, 17, 2768.01, 3726581, 1858
1391, 0, 2665, 2940, 2586, 215, 5.25%, 0, 36, 17, 2629.41, 3739830, 1859
1396, 0, 1646, 2952, 2595, 213, 5.25%, 0, 36, 17, 2302.27, 3751028, 1860
1401, 0, 1610, 2959, 2599, 211, 5.25%, 0, 36, 17, 2459.57, 3764136, 1861
1407, 0, 2476, 2967, 2604, 208, 5.26%, 0, 36, 17, 2557.43, 3777686, 1865
1412, 0, 2891, 2970, 2606, 210, 5.28%, 0, 36, 17, 2979.06, 3793240, 1870
1417, 0, 2853, 2975, 2608, 207, 5.28%, 0, 36, 17, 3193.29, 3810054, 1871
1422, 0, 2853, 2981, 2614, 207, 5.28%, 0, 36, 17, 3067.66, 3826192, 1871
1427, 0, 2853, 2989, 2622, 207, 5.28%, 0, 36, 17, 2908.25, 3841908, 1871
1432, 0, 1093, 2992, 2618, 201, 5.28%, 0, 36, 17, 2752.08, 3855193, 1871
1437, 0, 2603, 3003, 2625, 197, 5.29%, 0, 36, 17, 3052.33, 3871298, 1875
1442, 0, 2603, 3008, 2630, 197, 5.29%, 0, 36, 17, 2768.56, 3884901, 1875
1447, 0, 2971, 3030, 2651, 201, 5.33%, 0, 36, 17, 2646.88, 3897646, 1890
1452, 0, 2971, 3035, 2656, 201, 5.34%, 0, 36, 17, 3067.15, 3912992, 1891
1457, 0, 2996, 3040, 2659, 204, 5.34%, 0, 36, 17, 3012.67, 3927281, 1891
1462, 0, 2675, 3046, 2663, 202, 5.34%, 0, 36, 17, 2883.68, 3941475, 1891
1467, 0, 2675, 3047, 2664, 202, 5.34%, 0, 36, 17, 3000.13, 3956854, 1891
1472, 0, 2527, 3052, 2668, 205, 5.34%, 0, 36, 17, 2972.71, 3972112, 1892
1477, 0, 2888, 3060, 2673, 203, 5.34%, 0, 36, 17, 2859.98, 3986097, 1892
1482, 0, 2888, 3061, 2674, 203, 5.34%, 0, 36, 17, 2629.86, 3998208, 1892
1488, 0, 3034, 3066, 2677, 202, 5.34%, 0, 36, 17, 2881.80, 4012829, 1892
1493, 0, 2855, 3070, 2680, 202, 5.34%, 0, 36, 17, 3141.87, 4027801, 1892
1498, 0, 2489, 3072, 2678, 198, 5.34%, 0, 36, 17, 2783.61, 4040348, 1892
1503, 0, 2880, 3085, 2688, 195, 5.34%, 0, 36, 17, 2809.39, 4054501, 1893
1508, 0, 2877, 3089, 2691, 196, 5.34%, 0, 36, 17, 3183.07, 4071011, 1893
1513, 0, 2877, 3092, 2694, 196, 5.35%, 0, 36, 17, 3411.70, 4087682, 1894
1518, 0, 2466, 3097, 2696, 194, 5.35%, 0, 36, 17, 3048.90, 4103079, 1895
1523, 0, 2627, 3104, 2699, 193, 5.36%, 0, 36, 18, 2576.93, 4116039, 1900
1529, 0, 3097, 3113, 2705, 192, 5.36%, 0, 36, 18, 2880.49, 4130750, 1900
1534, 0, 2363, 3120, 2708, 189, 5.37%, 0, 36, 18, 2878.75, 4145536, 1902
1539, 0, 3042, 3128, 2712, 186, 5.37%, 0, 36, 18, 2932.07, 4160023, 1902
1544, 0, 1292, 3135, 2715, 182, 5.37%, 0, 36, 18, 2782.12, 4173754, 1902
1549, 0, 3116, 3138, 2713, 178, 5.37%, 0, 36, 18, 2736.12, 4187661, 1902
1554, 0, 2760, 3146, 2720, 177, 5.37%, 0, 36, 18, 3034.78, 4202851, 1903
1559, 0, 2760, 3147, 2721, 177, 5.37%, 0, 36, 18, 3237.06, 4219378, 1904
1564, 0, 3088, 3151, 2724, 179, 5.38%, 0, 36, 18, 2759.61, 4233518, 1905
1569, 0, 3088, 3153, 2726, 179, 5.38%, 0, 36, 18, 3186.30, 4249004, 1905
1574, 0, 1946, 3157, 2727, 179, 5.38%, 0, 36, 18, 2854.49, 4261098, 1905
1579, 0, 2806, 3161, 2728, 177, 5.38%, 0, 36, 18, 2781.62, 4274710, 1905
1584, 0, 3162, 3166, 2730, 174, 5.38%, 0, 36, 18, 2959.89, 4289442, 1906
1589, 0, 2243, 3169, 2729, 172, 5.38%, 0, 36, 18, 2905.25, 4303693, 1906
1594, 0, 1128, 3173, 2729, 169, 5.38%, 0, 36, 18, 2771.64, 4317313, 1906
1599, 0, 3146, 3181, 2732, 166, 5.40%, 0, 36, 18, 2501.65, 4329797, 1912
1605, 0, 3146, 3187, 2738, 166, 5.41%, 0, 36, 18, 2852.69, 4344667, 1916
1610, 0, 2607, 3193, 2743, 171, 5.41%, 0, 36, 18, 2725.10, 4358596, 1917
1615, 0, 2366, 3195, 2741, 168, 5.41%, 0, 36, 18, 2849.49, 4373010, 1917
1620, 0, 3163, 3202, 2746, 166, 5.42%, 0, 36, 18, 2460.38, 4384611, 1921
1625, 0, 3152, 3207, 2747, 163, 5.42%, 0, 36, 18, 2626.92, 4397720, 1922
1630, 0, 3152, 3209, 2749, 163, 5.42%, 0, 36, 18, 3009.01, 4412117, 1922
1635, 0, 2972, 3214, 2753, 163, 5.42%, 0, 36, 18, 3026.66, 4427126, 1922
1640, 0, 2582, 3216, 2752, 161, 5.43%, 0, 36, 18, 3044.85, 4442010, 1923
1645, 0, 3159, 3219, 2752, 158, 5.43%, 0, 36, 18, 3109.70, 4457168, 1923
1650, 0, 1601, 3226, 2756, 156, 5.43%, 0, 36, 18, 2844.09, 4471015, 1924
1655, 0, 2395, 3229, 2757, 155, 5.44%, 0, 36, 18, 2811.80, 4485890, 1926
1660, 0, 3195, 3233, 2757, 153, 5.44%, 0, 36, 18, 2640.05, 4499188, 1927
1666, 0, 1435, 3241, 2762, 152, 5.44%, 0, 36, 18, 2882.31, 4514186, 1928
1671, 0, 3179, 3249, 2767, 149, 5.44%, 0, 36, 18, 3192.81, 4530404, 1928
1676, 0, 2920, 3253, 2767, 146, 5.44%, 0, 36, 18, 2555.00, 4540266, 1928
1681, 0, 3089, 3256, 2767, 144, 5.44%, 0, 37, 19, 2585.77, 4551871, 1929
1686, 0, 3144, 3259, 2767, 141, 5.44%, 0, 37, 19, 2551.96, 4564390, 1929
1691, 0, 2881, 3265, 2769, 137, 5.44%, 0, 37, 19, 2827.19, 4579541, 1929
1697, 0, 3008, 3269, 2769, 133, 5.45%, 0, 39, 19, 42.49, 4589357, 1932
1702, 0, 1946, 3269, 2768, 133, 5.45%, 0, 39, 19, 2776.88, 4604537, 1932
1707, 0, 1635, 3272, 2769, 131, 5.45%, 0, 40, 19, 460.34, 4616203, 1932
1712, 0, 1464, 3273, 2767, 128, 5.45%, 0, 40, 19, 2966.35, 4629455, 1932
1718, 0, 3022, 3277, 2766, 123, 5.45%, 0, 40, 19, 2985.48, 4644303, 1932
1723, 0, 3228, 3283, 2768, 120, 5.45%, 0, 40, 19, 2218.16, 4658408, 1932
1728, 0, 3234, 3291, 2774, 120, 5.47%, 0, 40, 19, 2710.79, 4672721, 1937
1733, 0, 3234, 3294, 2777, 120, 5.47%, 0, 40, 19, 2928.01, 4687336, 1938
1738, 0, 1780, 3295, 2777, 122, 5.47%, 0, 42, 19, 1375.10, 4696433, 1939
1743, 0, 3249, 3299, 2775, 119, 5.48%, 0, 42, 19, 2465.50, 4709948, 1940
1748, 0, 2031, 3303, 2777, 118, 5.48%, 0, 43, 19, 2145.15, 4719409, 1942
1753, 0, 2789, 3305, 2778, 117, 5.48%, 0, 43, 19, 2696.02, 4734193, 1942
1758, 0, 3183, 3308, 2777, 111, 5.49%, 0, 43, 19, 2679.46, 4747156, 1944
1763, 0, 2931, 3312, 2778, 108, 5.49%, 0, 43, 19, 2758.31, 4761002, 1944
1768, 0, 1076, 3318, 2780, 104, 5.49%, 0, 43, 19, 2800.22, 4775145, 1944
1774, 0, 3306, 3321, 2782, 104, 5.49%, 0, 43, 19, 2949.57, 4790246, 1946
1779, 0, 2201, 3323, 2779, 101, 5.49%, 0, 43, 19, 3025.47, 4804754, 1946
1784, 0, 3295, 3334, 2789, 101, 5.50%, 0, 43, 19, 3080.07, 4820912, 1947
1789, 0, 3295, 3335, 2790, 101, 5.50%, 0, 43, 19, 3111.39, 4835986, 1947
1794, 0, 3295, 3336, 2791, 101, 5.50%, 0, 43, 19, 3297.30, 4852186, 1947
1799, 0, 748, 3341, 2792, 100, 5.50%, 0, 44, 19, 2720.79, 4862911, 1947
1804, 0, 3046, 3346, 2796, 99, 5.50%, 0, 44, 19, 2851.16, 4877241, 1947
1809, 0, 3046, 3346, 2796, 99, 5.50%, 0, 44, 19, 3334.09, 4894513, 1947
1815, 0, 3333, 3348, 2794, 98, 5.50%, 0, 45, 20, 2494.41, 4907615, 1947
1820, 0, 3345, 3349, 2792, 95, 5.50%, 0, 46, 20, 46.92, 4918791, 1947
1825, 0, 3059, 3355, 2795, 94, 5.51%, 0, 46, 20, 2461.07, 4932371, 1953
1830, 0, 3351, 3367, 2805, 92, 5.52%, 0, 46, 20, 2688.91, 4946069, 1954
1835, 0, 2031, 3372, 2806, 89, 5.52%, 0, 46, 20, 2489.74, 4958880, 1954
1840, 0, 1665, 3376, 2809, 88, 5.52%, 0, 46, 20, 3115.55, 4974614, 1954
1845, 0, 2965, 3379, 2809, 86, 5.52%, 0, 46, 20, 2761.94, 4987750, 1954
1851, 0, 1985, 3384, 2808, 80, 5.52%, 0, 46, 20, 2677.64, 5001894, 1954
1856, 0, 1985, 3384, 2808, 80, 5.52%, 0, 46, 20, 3315.01, 5019574, 1954
1861, 0, 2464, 3385, 2809, 80, 5.52%, 0, 46, 20, 3139.38, 5035034, 1954
1866, 0, 3153, 3389, 2812, 79, 5.52%, 0, 46, 20, 2865.08, 5049736, 1954
1871, 0, 3182, 3393, 2812, 76, 5.52%, 0, 46, 20, 2630.03, 5062574, 1955
1876, 0, 500, 3397, 2813, 73, 5.52%, 0, 46, 20, 2838.94, 5076931, 1955
1881, 0, 3299, 3401, 2817, 73, 5.52%, 0, 46, 20, 3192.17, 5093453, 1956
1886, 0, 2264, 3404, 2816, 71, 5.52%, 0, 46, 20, 3121.41, 5109058, 1956
1891, 0, 3171, 3410, 2819, 68, 5.52%, 0, 46, 20, 3027.01, 5124718, 1956
1896, 0, 2793, 3413, 2818, 64, 5.52%, 0, 47, 20, 1903.63, 5136310, 1956
1901, 0, 1585, 3418, 2819, 61, 5.52%, 0, 47, 20, 2664.49, 5150779, 1956
1906, 0, 3190, 3422, 2821, 59, 5.52%, 0, 48, 20, 3070.07, 5162713, 1956
1911, 0, 3325, 3424, 2819, 56, 5.52%, 0, 48, 20, 3044.82, 5178710, 1956
1917, 0, 2526, 3424, 2818, 55, 5.52%, 0, 49, 20, 2841.03, 5189180, 1956
1922, 0, 3336, 3426, 2820, 55, 5.52%, 0, 49, 20, 3105.74, 5204775, 1956
1927, 0, 3148, 3428, 2822, 55, 5.52%, 0, 49, 20, 2995.46, 5219585, 1956
1932, 0, 3106, 3433, 2823, 51, 5.52%, 0, 49, 20, 2996.37, 5234417, 1956
1937, 0, 1290, 3436, 2823, 48, 5.52%, 0, 49, 20, 3392.43, 5252391, 1956
1942, 0, 2902, 3438, 2825, 48, 5.52%, 0, 49, 20, 2786.53, 5266492, 1956
1947, 0, 2027, 3447, 2831, 47, 5.53%, 0, 49, 20, 2623.26, 5280695, 1958
1952, 0, 2464, 3450, 2833, 46, 5.53%, 0, 49, 20, 3258.11, 5297799, 1958
1958, 0, 3222, 3458, 2839, 45, 5.53%, 0, 49, 20, 2389.43, 5309298, 1959
1963, 0, 3222, 3459, 2840, 45, 5.53%, 0, 49, 20, 2963.09, 5325439, 1959
1968, 0, 2562, 3462, 2841, 44, 5.53%, 0, 50, 20, 3554.22, 5338547, 1959
1973, 0, 3392, 3467, 2845, 43, 5.54%, 0, 50, 20, 2978.41, 5352644, 1964
1978, 0, 3442, 3469, 2844, 45, 5.54%, 0, 50, 20, 2940.05, 5368854, 1964
1984, 0, 3442, 3471, 2846, 45, 5.54%, 0, 52, 20, 316.36, 5379583, 1964
1989, 0, 3291, 3472, 2845, 43, 5.54%, 0, 53, 20, 2211.13, 5390593, 1964
1994, 0, 3456, 3476, 2847, 41, 5.54%, 0, 53, 20, 2909.98, 5405943, 1964
1999, 0, 2417, 3481, 2848, 37, 5.54%, 0, 53, 20, 2739.76, 5419349, 1964
2004, 0, 3117, 3487, 2853, 36, 5.54%, 0, 53, 20, 2859.77, 5433513, 1964
2010, 0, 3465, 3487, 2852, 36, 5.54%, 0, 53, 20, 3168.79, 5450461, 1964
2015, 0, 2130, 3491, 2853, 33, 5.54%, 0, 53, 20, 2848.45, 5464502, 1964
2020, 0, 3405, 3494, 2856, 33, 5.54%, 0, 53, 20, 3160.62, 5480598, 1964
2025, 0, 1826, 3495, 2853, 29, 5.54%, 0, 53, 20, 3188.33, 5496401, 1964
2030, 0, 3466, 3500, 2855, 27, 5.54%, 0, 53, 20, 3078.44, 5512351, 1964
2035, 0, 3451, 3504, 2855, 25, 5.54%, 0, 53, 20, 3084.69, 5528049, 1964
2040, 0, 503, 3506, 2855, 24, 5.55%, 0, 53, 20, 2846.53, 5541794, 1965
2045, 0, 3501, 3507, 2853, 21, 5.55%, 0, 53, 20, 2535.63, 5555432, 1965
2050, 0, 1564, 3509, 2853, 20, 5.55%, 0, 53, 20, 2681.81, 5570122, 1966
2055, 0, 2464, 3512, 2851, 16, 5.55%, 0, 53, 20, 2782.76, 5584201, 1966
2060, 0, 3401, 3519, 2856, 16, 5.55%, 0, 53, 20, 2778.32, 5599153, 1967
2065, 0, 3401, 3521, 2858, 16, 5.55%, 0, 53, 20, 2947.48, 5614780, 1967
2070, 0, 3401, 3521, 2858, 16, 5.55%, 0, 53, 20, 3178.74, 5631434, 1967
2075, 0, 3041, 3521, 2857, 17, 5.55%, 0, 53, 20, 3032.01, 5647779, 1967
2080, 0, 2042, 3525, 2860, 16, 5.55%, 0, 53, 20, 2987.19, 5663645, 1967
2086, 0, 1174, 3526, 2860, 17, 5.55%, 0, 54, 20, 194.79, 5677074, 1968
2091, 0, 3508, 3529, 2862, 16, 5.55%, 0, 54, 20, 2229.24, 5689907, 1968
2096, 0, 3519, 3535, 2866, 15, 5.55%, 0, 54, 20, 2548.15, 5703752, 1968
2101, 0, 3519, 3538, 2869, 15, 5.55%, 0, 54, 20, 2796.44, 5718804, 1968
2106, 0, 2488, 3539, 2869, 14, 5.55%, 0, 54, 20, 2893.78, 5733675, 1968
2111, 0, 2857, 3545, 2874, 13, 5.55%, 0, 54, 20, 3107.54, 5749281, 1968
2116, 0, 3520, 3551, 2880, 13, 5.55%, 0, 54, 20, 2983.97, 5764841, 1968
2121, 0, 3495, 3557, 2885, 12, 5.55%, 0, 54, 20, 2855.54, 5780399, 1968
2126, 0, 3495, 3559, 2887, 12, 5.55%, 0, 54, 20, 2793.05, 5795387, 1968
2132, 0, 848, 3561, 2887, 10, 5.55%, 0, 54, 20, 2955.06, 5810662, 1968
2137, 0, 1847, 3562, 2888, 10, 5.55%, 0, 55, 20, 2414.17, 5823756, 1968
2142, 0, 3504, 3567, 2892, 9, 5.55%, 0, 55, 20, 2485.81, 5836907, 1968
2147, 0, 3504, 3567, 2892, 9, 5.55%, 0, 55, 20, 3177.22, 5854389, 1968
2152, 0, 2584, 3568, 2893, 9, 5.55%, 0, 56, 20, 2992.19, 5865369, 1968
2157, 0, 2773, 3569, 2894, 9, 5.55%, 0, 56, 20, 2906.82, 5880462, 1968
2162, 0, 2727, 3569, 2894, 9, 5.55%, 0, 57, 20, 2431.85, 5892453, 1968
2167, 0, 2985, 3578, 2903, 9, 5.55%, 0, 57, 20, 2481.73, 5906564, 1968
2172, 0, 2985, 3582, 2907, 9, 5.55%, 0, 57, 20, 2353.23, 5919264, 1968
2177, 0, 1992, 3584, 2908, 9, 5.56%, 0, 58, 20, 2159.51, 5929862, 1969
2182, 0, 1090, 3590, 2912, 14, 5.57%, 0, 58, 20, 2839.40, 5944967, 1974
2187, 0, 3581, 3595, 2917, 14, 5.57%, 0, 58, 20, 2962.28, 5960490, 1974
2193, 0, 3581, 3597, 2919, 14, 5.57%, 0, 58, 20, 2599.69, 5974074, 1974
2198, 0, 2463, 3601, 2921, 14, 5.57%, 0, 58, 20, 2608.24, 5987257, 1974
2203, 0, 3171, 3603, 2923, 15, 5.57%, 0, 58, 20, 2947.00, 6003251, 1975
2208, 0, 3594, 3607, 2925, 15, 5.57%, 0, 58, 20, 2785.75, 6017286, 1975
2213, 0, 166, 3608, 2924, 13, 5.57%, 0, 59, 20, 2659.72, 6028208, 1975
2218, 0, 3588, 3610, 2924, 13, 5.57%, 0, 59, 20, 3045.71, 6044110, 1975
2223, 0, 2485, 3611, 2924, 12, 5.57%, 0, 59, 20, 2907.76, 6057996, 1975
2228, 0, 3084, 3614, 2926, 12, 5.58%, 0, 59, 20, 2722.29, 6071156, 1976
2233, 0, 3084, 3614, 2926, 12, 5.58%, 0, 59, 20, 2916.39, 6086769, 1976
2238, 0, 3084, 3617, 2929, 12, 5.58%, 0, 60, 20, 727.51, 6099153, 1976
2243, 0, 1902, 3620, 2930, 13, 5.58%, 0, 60, 20, 2543.65, 6114803, 1976
2248, 0, 3613, 3622, 2929, 13, 5.58%, 0, 60, 20, 2198.18, 6125678, 1976
2254, 0, 3587, 3623, 2925, 9, 5.58%, 0, 60, 20, 2435.04, 6138677, 1976
2259, 0, 3597, 3627, 2928, 9, 5.58%, 0, 60, 20, 2562.16, 6151757, 1977
2264, 0, 3586, 3628, 2928, 8, 5.58%, 0, 60, 20, 2834.98, 6166979, 1978
2269, 0, 3584, 3629, 2928, 8, 5.58%, 0, 60, 20, 3018.23, 6182842, 1978
2274, 0, 3384, 3630, 2926, 7, 5.58%, 0, 60, 20, 3091.34, 6198039, 1978
2279, 0, 490, 3632, 2927, 6, 5.58%, 0, 60, 20, 2617.04, 6211045, 1978
2284, 0, 2526, 3634, 2929, 6, 5.58%, 0, 60, 20, 2937.39, 6226984, 1978
2289, 0, 3351, 3638, 2933, 6, 5.58%, 0, 60, 20, 2906.44, 6241242, 1978
2294, 0, 3623, 3642, 2936, 5, 5.58%, 0, 60, 20, 3089.91, 6255603, 1978
2299, 0, 3620, 3648, 2941, 4, 5.59%, 0, 60, 20, 2735.39, 6268378, 1979
2305, 0, 3620, 3649, 2942, 4, 5.59%, 0, 61, 20, 2943.28, 6282986, 1979
2310, 0, 2464, 3650, 2942, 4, 5.59%, 0, 61, 20, 3067.15, 6297906, 1979
2315, 0, 2537, 3652, 2943, 4, 5.59%, 0, 61, 20, 2457.93, 6309725, 1979
2321, 0, 1071, 3654, 2945, 4, 5.59%, 0, 61, 20, 2433.87, 6321910, 1979
2326, 0, 1071, 3654, 2945, 4, 5.59%, 0, 62, 20, 249.37, 6333274, 1979
2332, 0, 2336, 3654, 2943, 2, 5.59%, 0, 62, 20, 2402.01, 6343982, 1979
2337, 0, 3586, 3656, 2945, 2, 5.59%, 0, 62, 20, 2931.65, 6359916, 1979
2342, 0, 500, 3656, 2945, 2, 5.59%, 0, 62, 20, 2967.45, 6375247, 1979
2347, 0, 2193, 3659, 2948, 2, 5.59%, 0, 62, 20, 2890.87, 6390296, 1979
2352, 0, 3660, 3663, 2951, 3, 5.59%, 0, 62, 20, 2596.08, 6403224, 1980
2357, 0, 1290, 3664, 2950, 2, 5.59%, 0, 62, 20, 2722.48, 6417426, 1980
2362, 0, 3195, 3666, 2952, 2, 5.59%, 0, 62, 20, 2863.17, 6431823, 1980
2367, 0, 3195, 3666, 2952, 2, 5.59%, 0, 62, 20, 2757.71, 6445427, 1980
2372, 0, 1635, 3666, 2952, 2, 5.59%, 0, 62, 20, 215.09, 6458944, 1980
2378, 0, 500, 3666, 2952, 2, 5.59%, 0, 62, 20, 2446.91, 6471890, 1980
2383, 0, 3600, 3670, 2955, 1, 5.59%, 0, 62, 20, 2400.65, 6485025, 1980
2388, 0, 2806, 3672, 2956, 1, 5.59%, 0, 62, 20, 2465.61, 6497997, 1980
2393, 0, 3218, 3675, 2958, 0, 5.59%, 0, 62, 20, 2277.32, 6509466, 1980
2398, 0, 2189, 3675, 2958, 0, 5.59%, 0, 62, 20, 2746.22, 6523318, 1980
2403, 0, 1407, 3676, 2959, 0, 5.59%, 0, 62, 20, 2586.85, 6535790, 1980
2408, 0, 2727, 3676, 2959, 0, 5.59%, 0, 62, 20, 2545.03, 6548414, 1980
2413, 0, 2696, 3678, 2961, 0, 5.59%, 0, 62, 20, 2571.05, 6561744, 1980
2418, 0, 2896, 3679, 2962, 0, 5.59%, 0, 62, 20, 2749.46, 6575749, 1980
2423, 0, 2464, 3681, 2964, 1, 5.59%, 0, 62, 20, 2938.88, 6590427, 1981
2428, 0, 1409, 3681, 2964, 1, 5.59%, 0, 62, 20, 2804.78, 6604153, 1981
2433, 0, 3584, 3681, 2964, 1, 5.59%, 0, 62, 20, 3091.68, 6619787, 1981
2439, 0, 3584, 3682, 2965, 1, 5.59%, 0, 62, 20, 3003.76, 6634023, 1981
2444, 0, 1298, 3685, 2968, 1, 5.59%, 0, 62, 20, 2831.83, 6648392, 1981
2449, 0, 1421, 3686, 2968, 0, 5.59%, 0, 62, 20, 2635.15, 6661208, 1981
2454, 0, 3687, 3689, 2971, 1, 5.60%, 0, 62, 20, 2858.13, 6674482, 1983
2459, 0, 1870, 3690, 2971, 0, 5.60%, 0, 62, 20, 2584.08, 6686770, 1983
2464, 0, 2090, 3691, 2972, 0, 5.60%, 0, 62, 20, 2919.41, 6701672, 1983
2469, 0, 376, 3693, 2974, 0, 5.60%, 0, 62, 20, 2832.83, 6714069, 1983
2474, 0, 2857, 3693, 2974, 0, 5.60%, 0, 63, 20, 2547.17, 6724922, 1983
2479, 0, 2090, 3695, 2976, 0, 5.60%, 0, 63, 20, 2607.73, 6737789, 1983
2484, 0, 2537, 3695, 2976, 0, 5.60%, 0, 63, 20, 3168.16, 6753419, 1983
2489, 0, 2464, 3697, 2978, 0, 5.60%, 0, 63, 20, 2872.55, 6767982, 1983
2494, 0, 1092, 3699, 2980, 0, 5.60%, 0, 63, 20, 3027.93, 6783214, 1983
2500, 0, 1817, 3699, 2980, 0, 5.60%, 0, 63, 20, 2998.75, 6798420, 1983
2505, 0, 2291, 3700, 2980, 1, 5.61%, 0, 63, 20, 2952.21, 6813026, 1988
2510, 0, 3699, 3702, 2982, 1, 5.61%, 0, 63, 20, 2696.91, 6826384, 1988
2515, 0, 2089, 3703, 2982, 0, 5.62%, 0, 63, 20, 2964.26, 6841339, 1990
2520, 0, 2214, 3704, 2983, 1, 5.62%, 0, 63, 20, 2873.07, 6856059, 1990
2525, 0, 2719, 3705, 2984, 1, 5.62%, 0, 63, 20, 3013.45, 6870356, 1990
2530, 0, 891, 3706, 2984, 1, 5.62%, 0, 63, 20, 2725.50, 6883044, 1990
2535, 0, 891, 3709, 2987, 1, 5.62%, 0, 64, 20, 686.08, 6886887, 1990
2541, 0, 891, 3709, 2987, 1, 5.62%, 0, 67, 20, 43.52, 6888426, 1990
2546, 0, 2220, 3709, 2987, 1, 5.62%, 0, 67, 20, 1935.60, 6897947, 1990
2551, 0, 2526, 3714, 2992, 1, 5.62%, 0, 67, 20, 2593.32, 6911866, 1990
2556, 0, 2526, 3717, 2995, 1, 5.62%, 0, 67, 20, 329.59, 6923136, 1990
2561, 0, 3022, 3717, 2994, 1, 5.62%, 0, 68, 20, 3599.23, 6929327, 1990
2567, 0, 1782, 3718, 2995, 1, 5.62%, 0, 68, 20, 3277.82, 6945172, 1990
2572, 0, 2537, 3721, 2998, 1, 5.62%, 0, 68, 20, 2900.96, 6958804, 1990
2578, 0, 1106, 3721, 2998, 1, 5.62%, 0, 69, 20, 343.13, 6973438, 1990
2583, 0, 2954, 3724, 3000, 1, 5.62%, 0, 69, 20, 2303.79, 6984641, 1990
2588, 0, 2954, 3724, 3000, 1, 5.62%, 0, 70, 20, 353.70, 6994837, 1990
2593, 0, 2954, 3724, 3000, 1, 5.62%, 0, 70, 20, 2609.58, 7009454, 1990
2598, 0, 503, 3724, 3000, 3, 5.62%, 0, 70, 20, 2472.81, 7021867, 1990
2603, 0, 3722, 3726, 3002, 3, 5.62%, 0, 70, 20, 2797.20, 7036197, 1990
2609, 0, 3722, 3730, 3006, 3, 5.62%, 0, 70, 20, 2527.60, 7048446, 1991
2614, 0, 3722, 3730, 3006, 3, 5.62%, 0, 70, 20, 2856.24, 7062936, 1991
2619, 0, 2128, 3730, 3005, 3, 5.62%, 0, 70, 20, 2991.83, 7077913, 1991
2624, 0, 3525, 3736, 3011, 4, 5.62%, 0, 70, 20, 2426.60, 7089105, 1991
2629, 0, 3525, 3737, 3012, 4, 5.62%, 0, 70, 20, 2553.42, 7101973, 1991
2634, 0, 3525, 3738, 3013, 4, 5.62%, 0, 70, 20, 2525.29, 7114031, 1991
2639, 0, 3728, 3738, 3011, 4, 5.62%, 0, 70, 20, 2464.29, 7126317, 1991
2644, 0, 2113, 3741, 3012, 2, 5.62%, 0, 70, 20, 2807.68, 7139967, 1991
2649, 0, 1276, 3743, 3014, 2, 5.62%, 0, 70, 20, 2786.71, 7153559, 1991
2654, 0, 3721, 3750, 3021, 3, 5.62%, 0, 71, 20, 2282.28, 7164041, 1992
2659, 0, 3721, 3754, 3025, 3, 5.62%, 0, 71, 20, 2783.62, 7178803, 1992
2665, 0, 3746, 3758, 3027, 7, 5.63%, 0, 71, 20, 2801.02, 7192821, 1993
2670, 0, 3218, 3760, 3028, 6, 5.63%, 0, 72, 20, 1797.64, 7201832, 1993
2675, 0, 3750, 3765, 3033, 6, 5.63%, 0, 72, 20, 2467.51, 7214724, 1993
2680, 0, 3750, 3768, 3036, 6, 5.63%, 0, 72, 20, 2759.00, 7228799, 1993
2685, 0, 2556, 3768, 3035, 5, 5.63%, 0, 73, 20, 733.30, 7238790, 1993
2690, 0, 500, 3769, 3035, 5, 5.63%, 0, 74, 20, 2052.57, 7247850, 1993
2695, 0, 677, 3770, 3035, 4, 5.63%, 0, 74, 20, 2587.87, 7261206, 1993
2700, 0, 1889, 3771, 3035, 3, 5.63%, 0, 74, 20, 2654.99, 7274773, 1993
2705, 0, 3325, 3773, 3037, 3, 5.63%, 0, 74, 20, 2579.51, 7287336, 1993
2711, 0, 397, 3773, 3037, 3, 5.63%, 0, 75, 20, 506.20, 7300824, 1993
2716, 0, 1817, 3776, 3039, 3, 5.63%, 0, 75, 20, 2277.62, 7314599, 1993
2721, 0, 2177, 3780, 3042, 2, 5.63%, 0, 75, 20, 2455.17, 7327522, 1993
2727, 0, 1144, 3780, 3042, 2, 5.63%, 0, 76, 20, 2532.03, 7339967, 1993
2732, 0, 249, 3781, 3043, 2, 5.63%, 0, 76, 20, 2553.79, 7353081, 1993
2737, 0, 2180, 3783, 3044, 2, 5.63%, 0, 76, 20, 3505.31, 7372171, 1993
2742, 0, 2526, 3783, 3042, 1, 5.63%, 0, 76, 20, 4013.23, 7392820, 1993
2747, 0, 2194, 3786, 3045, 1, 5.63%, 0, 76, 20, 4105.13, 7413622, 1993
2752, 0, 1817, 3789, 3046, 2, 5.63%, 0, 76, 20, 4091.73, 7434339, 1993
2757, 0, 1010, 3792, 3048, 2, 5.63%, 0, 76, 20, 3858.35, 7453289, 1993
2762, 0, 748, 3796, 3052, 3, 5.63%, 0, 76, 20, 3874.87, 7473202, 1994
2767, 0, 2366, 3801, 3057, 3, 5.63%, 0, 76, 20, 4107.90, 7493724, 1994
2772, 0, 500, 3805, 3059, 3, 5.63%, 0, 76, 20, 3755.20, 7511971, 1995
2777, 0, 2421, 3809, 3063, 3, 5.63%, 0, 76, 20, 3789.02, 7531134, 1995
2782, 0, 2136, 3809, 3062, 2, 5.63%, 0, 77, 20, 2482.63, 7546182, 1995
2787, 0, 3702, 3810, 3063, 2, 5.63%, 0, 77, 20, 3242.96, 7562747, 1995
2792, 0, 3218, 3811, 3062, 2, 5.63%, 0, 77, 20, 2763.06, 7576785, 1995
2797, 0, 2090, 3812, 3062, 2, 5.63%, 0, 77, 20, 3522.86, 7594168, 1995
2803, 0, 3687, 3818, 3066, 2, 5.63%, 0, 77, 20, 3739.76, 7613229, 1995
2808, 0, 1827, 3821, 3069, 2, 5.63%, 0, 77, 20, 4087.24, 7633814, 1995
2813, 0, 3803, 3824, 3072, 2, 5.63%, 0, 77, 20, 4003.67, 7653972, 1996
2818, 0, 2366, 3828, 3075, 3, 5.63%, 0, 77, 20, 3875.64, 7672868, 1996
2823, 0, 2967, 3831, 3076, 3, 5.63%, 0, 77, 20, 4116.39, 7693595, 1996
2828, 0, 3504, 3832, 3076, 3, 5.63%, 0, 77, 20, 4156.84, 7714222, 1996
2833, 0, 891, 3834, 3073, 1, 5.63%, 0, 77, 20, 4274.16, 7736205, 1996
2838, 0, 1893, 3836, 3075, 2, 5.64%, 0, 78, 20, 3828.44, 7752241, 1998
2843, 0, 1322, 3838, 3075, 2, 5.64%, 0, 78, 20, 4214.01, 7774510, 1998
2848, 0, 2233, 3844, 3081, 2, 5.65%, 0, 78, 20, 4287.58, 7796101, 2000
2853, 0, 3834, 3845, 3082, 4, 5.65%, 0, 78, 20, 4265.69, 7817874, 2000
2858, 0, 3839, 3850, 3084, 3, 5.65%, 0, 78, 20, 4002.34, 7838823, 2000
2863, 0, 2366, 3850, 3082, 2, 5.65%, 0, 78, 20, 4013.32, 7859762, 2000
2869, 0, 2526, 3851, 3083, 2, 5.65%, 0, 78, 20, 4106.00, 7880437, 2000
2874, 0, 3218, 3852, 3084, 2, 5.65%, 0, 78, 20, 4142.23, 7902155, 2000
2879, 0, 2870, 3856, 3088, 2, 5.65%, 0, 78, 20, 4025.00, 7923245, 2000
2884, 0, 1549, 3858, 3089, 2, 5.65%, 0, 78, 20, 4021.73, 7943911, 2000
2889, 0, 891, 3860, 3089, 2, 5.65%, 0, 78, 20, 3985.83, 7963691, 2000
2894, 0, 1780, 3865, 3093, 2, 5.65%, 0, 78, 20, 3758.81, 7981665, 2000
2899, 0, 3282, 3866, 3093, 3, 5.65%, 0, 78, 20, 4076.69, 8002463, 2000
2904, 0, 3392, 3867, 3093, 2, 5.65%, 0, 78, 20, 3819.22, 8021010, 2000
2909, 0, 1702, 3868, 3092, 1, 5.65%, 0, 78, 20, 4166.62, 8042169, 2000
2914, 0, 1893, 3869, 3093, 1, 5.65%, 0, 78, 20, 4257.05, 8064454, 2001
2919, 0, 489, 3869, 3093, 2, 5.65%, 0, 78, 20, 4297.56, 8086117, 2001
2924, 0, 956, 3876, 3100, 2, 5.65%, 0, 78, 20, 4005.00, 8106161, 2001
2929, 0, 2965, 3877, 3101, 2, 5.65%, 0, 78, 20, 4074.47, 8127063, 2001
2935, 0, 3865, 3878, 3101, 2, 5.65%, 0, 78, 20, 3711.26, 8145425, 2001
2940, 0, 891, 3883, 3105, 1, 5.65%, 0, 78, 20, 4060.96, 8166997, 2003
2945, 0, 2707, 3886, 3107, 1, 5.65%, 0, 78, 20, 3911.80, 8186106, 2003
2950, 0, 2009, 3886, 3106, 1, 5.65%, 0, 78, 20, 2896.36, 8205807, 2003
2955, 0, 2526, 3887, 3105, 1, 5.65%, 0, 78, 20, 3965.34, 8227867, 2003
2960, 0, 3022, 3892, 3110, 1, 5.65%, 0, 78, 20, 4510.00, 8245962, 2003
2965, 0, 397, 3892, 3108, 1, 5.65%, 0, 78, 20, 4019.46, 8265864, 2003
2970, 0, 2438, 3894, 3109, 1, 5.65%, 0, 78, 20, 4066.53, 8286357, 2003
2975, 0, 2438, 3895, 3110, 1, 5.65%, 0, 79, 20, 3313.43, 8302193, 2003
2980, 0, 2046, 3896, 3110, 1, 5.65%, 0, 79, 20, 3923.99, 8322870, 2003
2985, 0, 3787, 3898, 3110, 1, 5.65%, 0, 79, 20, 4112.90, 8343951, 2003
2991, 0, 1968, 3899, 3111, 1, 5.65%, 0, 80, 20, 2879.16, 8360436, 2003
2996, 0, 1093, 3900, 3112, 1, 5.65%, 0, 80, 20, 3854.30, 8381901, 2003
3001, 0, 3823, 3900, 3110, 1, 5.65%, 0, 80, 20, 4124.36, 8403824, 2003
3006, 0, 2366, 3900, 3109, 1, 5.65%, 0, 80, 20, 4042.36, 8424876, 2003
3011, 0, 1826, 3900, 3109, 1, 5.65%, 0, 80, 20, 4220.10, 8446069, 2003
3016, 0, 3219, 3901, 3109, 2, 5.66%, 0, 80, 20, 2493.46, 8464332, 2005
3021, 0, 1409, 3902, 3109, 1, 5.66%, 0, 81, 20, 3426.62, 8478964, 2005
3026, 0, 891, 3902, 3109, 1, 5.66%, 0, 81, 20, 3951.11, 8499216, 2005
3031, 0, 3201, 3906, 3112, 1, 5.68%, 0, 81, 20, 4076.56, 8519888, 2011
3037, 0, 3201, 3906, 3112, 1, 5.68%, 0, 81, 20, 4257.38, 8542069, 2011
3042, 0, 3904, 3909, 3115, 2, 5.68%, 0, 81, 20, 3660.41, 8560367, 2013
3047, 0, 3904, 3910, 3116, 2, 5.68%, 0, 81, 20, 4015.48, 8580862, 2014
3052, 0, 3906, 3912, 3117, 5, 5.69%, 0, 81, 20, 3994.87, 8600190, 2017
3057, 0, 3906, 3915, 3120, 5, 5.70%, 0, 81, 20, 4065.47, 8621349, 2019
3062, 0, 1787, 3916, 3120, 7, 5.70%, 0, 81, 20, 3965.08, 8640651, 2019
3067, 0, 3144, 3916, 3119, 6, 5.70%, 0, 81, 20, 3982.57, 8660606, 2019
3072, 0, 3144, 3916, 3119, 6, 5.70%, 0, 81, 20, 3896.06, 8680014, 2019
3077, 0, 3912, 3922, 3124, 5, 5.73%, 0, 81, 20, 3894.22, 8699160, 2031
3082, 0, 3912, 3925, 3127, 5, 5.74%, 0, 81, 20, 3824.87, 8718494, 2033
3087, 0, 2526, 3927, 3128, 9, 5.74%, 0, 81, 20, 4047.48, 8739992, 2033
3092, 0, 406, 3930, 3131, 10, 5.74%, 0, 81, 20, 4050.84, 8760445, 2033
3097, 0, 3920, 3934, 3135, 10, 5.74%, 0, 81, 21, 3911.83, 8779727, 2034
3103, 0, 500, 3936, 3136, 11, 5.74%, 0, 82, 21, 751.42, 8797114, 2035
3108, 0, 1738, 3938, 3136, 9, 5.74%, 0, 82, 21, 2986.36, 8811050, 2035
3113, 0, 3921, 3943, 3140, 9, 5.74%, 0, 82, 21, 2968.08, 8825340, 2035
3118, 0, 3921, 3944, 3141, 9, 5.74%, 0, 82, 21, 3889.98, 8846164, 2035
3123, 0, 1862, 3944, 3140, 8, 5.74%, 0, 82, 21, 3868.97, 8865787, 2035
3128, 0, 3938, 3948, 3143, 7, 5.74%, 0, 82, 22, 3925.18, 8885608, 2035
3133, 0, 3218, 3949, 3142, 6, 5.74%, 0, 82, 22, 3941.82, 8906030, 2035
3138, 0, 3834, 3951, 3144, 6, 5.75%, 0, 82, 22, 4209.05, 8927385, 2037
3143, 0, 3951, 3953, 3145, 7, 5.75%, 0, 82, 22, 4111.90, 8948370, 2037
3148, 0, 836, 3954, 3145, 6, 5.75%, 0, 82, 22, 4126.71, 8969250, 2037
3153, 0, 3134, 3956, 3146, 5, 5.75%, 0, 82, 22, 4089.55, 8989998, 2037
3158, 0, 3950, 3957, 3146, 5, 5.75%, 0, 82, 22, 4152.09, 9010676, 2037
3163, 0, 2031, 3961, 3146, 3, 5.75%, 0, 82, 22, 3780.64, 9029563, 2037
3168, 0, 3463, 3964, 3148, 3, 5.75%, 0, 82, 22, 3876.39, 9048985, 2037
3173, 0, 3602, 3964, 3148, 3, 5.75%, 0, 82, 22, 4037.79, 9069697, 2037
3178, 0, 3935, 3968, 3151, 3, 5.76%, 0, 82, 22, 3988.48, 9089501, 2040
3184, 0, 3935, 3969, 3152, 3, 5.76%, 0, 82, 22, 4045.47, 9110623, 2040
3189, 0, 1862, 3970, 3149, 5, 5.76%, 0, 82, 22, 4054.43, 9131325, 2040
3194, 0, 2005, 3971, 3150, 5, 5.76%, 0, 82, 22, 4194.65, 9152767, 2040
3199, 0, 500, 3971, 3149, 5, 5.76%, 0, 83, 22, 4185.55, 9169890, 2040
3204, 0, 2838, 3971, 3147, 5, 5.76%, 0, 83, 22, 4087.25, 9190604, 2040
3209, 0, 2464, 3971, 3146, 4, 5.76%, 0, 83, 22, 4094.92, 9211820, 2040
3214, 0, 3728, 3974, 3149, 4, 5.76%, 0, 83, 22, 3698.70, 9230348, 2040
3219, 0, 891, 3974, 3149, 4, 5.76%, 0, 83, 22, 4078.09, 9251239, 2040
3224, 0, 2476, 3977, 3151, 3, 5.76%, 0, 83, 22, 4122.60, 9272187, 2040
3229, 0, 787, 3977, 3151, 3, 5.76%, 0, 84, 22, 3808.53, 9288429, 2040
3234, 0, 3909, 3978, 3151, 2, 5.76%, 0, 84, 22, 3870.00, 9308831, 2040
3240, 0, 155, 3979, 3149, 0, 5.76%, 0, 84, 22, 3922.68, 9325728, 2040
3245, 0, 2750, 3983, 3153, 1, 5.76%, 0, 84, 22, 4227.38, 9347933, 2041
3250, 0, 2930, 3983, 3153, 1, 5.76%, 0, 84, 22, 4243.60, 9369318, 2041
3255, 0, 3750, 3987, 3155, 1, 5.76%, 0, 84, 22, 4155.17, 9391015, 2041
3260, 0, 3520, 3990, 3158, 1, 5.76%, 0, 85, 22, 274.22, 9408093, 2041
3266, 0, 3218, 3991, 3157, 1, 5.76%, 0, 85, 22, 4158.03, 9430189, 2041
3271, 0, 2857, 3991, 3156, 1, 5.76%, 0, 85, 22, 4185.67, 9451437, 2041
3276, 0, 2366, 3992, 3157, 1, 5.76%, 0, 85, 22, 4282.11, 9473024, 2041
3281, 0, 2005, 3993, 3158, 1, 5.76%, 0, 85, 22, 4236.80, 9495204, 2041
3286, 0, 3204, 3997, 3161, 2, 5.76%, 0, 85, 22, 4394.72, 9513872, 2042
3291, 0, 909, 3997, 3161, 2, 5.76%, 0, 85, 22, 4332.62, 9535632, 2042
3296, 0, 500, 4000, 3163, 3, 5.77%, 0, 85, 22, 4303.74, 9557864, 2044
3301, 0, 483, 4003, 3164, 3, 5.77%, 0, 85, 22, 4131.11, 9578515, 2044
3306, 0, 2464, 4003, 3164, 3, 5.77%, 0, 85, 22, 4299.71, 9601060, 2044
3311, 0, 3329, 4013, 3173, 4, 5.77%, 0, 85, 22, 4290.36, 9622620, 2045
3316, 0, 3998, 4017, 3176, 4, 5.78%, 0, 85, 22, 4283.02, 9643714, 2048
3321, 0, 4003, 4025, 3181, 5, 5.80%, 0, 85, 22, 4354.60, 9666267, 2056
3326, 0, 2461, 4028, 3181, 10, 5.81%, 0, 85, 22, 4307.84, 9687424, 2057
3331, 0, 2996, 4028, 3179, 8, 5.81%, 0, 85, 22, 4351.80, 9709328, 2057
3336, 0, 3421, 4030, 3179, 7, 5.81%, 0, 85, 22, 4327.64, 9731098, 2057
3342, 0, 2664, 4032, 3179, 7, 5.81%, 0, 85, 22, 4218.04, 9751557, 2058
3347, 0, 2229, 4033, 3180, 7, 5.81%, 0, 85, 22, 4280.58, 9772944, 2058
3352, 0, 4034, 4038, 3184, 8, 5.81%, 0, 86, 22, 4240.65, 9790222, 2060
3357, 0, 406, 4038, 3181, 5, 5.81%, 0, 86, 22, 4165.68, 9811052, 2060
3362, 0, 4015, 4040, 3183, 5, 5.81%, 0, 86, 22, 4223.20, 9832517, 2060
3367, 0, 4039, 4041, 3183, 5, 5.81%, 0, 86, 22, 4100.05, 9852742, 2060
3372, 0, 3819, 4046, 3186, 3, 5.82%, 0, 86, 22, 4121.53, 9873778, 2061
3377, 0, 4031, 4052, 3190, 5, 5.82%, 0, 86, 22, 3993.46, 9894760, 2063
3382, 0, 4047, 4055, 3191, 5, 5.82%, 0, 86, 22, 4006.39, 9915124, 2063
3387, 0, 1435, 4055, 3189, 3, 5.82%, 0, 86, 22, 4087.47, 9936544, 2063
3392, 0, 4042, 4057, 3189, 2, 5.82%, 0, 86, 22, 3052.36, 9955346, 2063
3397, 0, 1092, 4058, 3189, 2, 5.82%, 0, 86, 22, 3403.36, 9972714, 2063
3402, 0, 2196, 4059, 3190, 2, 5.82%, 0, 86, 22, 3844.34, 9992819, 2063
3407, 0, 2227, 4061, 3191, 1, 5.82%, 0, 86, 22, 4032.15, 10012956, 2063
3413, 0, 1460, 4061, 3190, 1, 5.82%, 0, 86, 22, 3990.27, 10033201, 2063
3418, 0, 276, 4062, 3190, 0, 5.82%, 0, 86, 22, 3955.15, 10053332, 2063
3423, 0, 3333, 4063, 3191, 0, 5.82%, 0, 88, 22, 713.36, 10066859, 2063
3428, 0, 2857, 4063, 3191, 0, 5.82%, 0, 88, 22, 4204.72, 10088919, 2063
3433, 0, 2031, 4064, 3192, 0, 5.82%, 0, 89, 22, 3981.97, 10104554, 2063
3439, 0, 115, 4065, 3193, 0, 5.82%, 0, 89, 22, 4046.93, 10125662, 2063
3444, 0, 2366, 4065, 3193, 0, 5.82%, 0, 89, 22, 4169.44, 10147380, 2063
3449, 0, 3096, 4065, 3193, 0, 5.82%, 0, 90, 22, 179.44, 10165387, 2063
3454, 0, 2090, 4066, 3194, 0, 5.82%, 0, 90, 22, 4107.32, 10185731, 2063
3459, 0, 2847, 4067, 3195, 0, 5.82%, 0, 90, 22, 4083.21, 10206398, 2063
3464, 0, 2464, 4067, 3195, 0, 5.82%, 0, 90, 22, 3948.39, 10227076, 2063
3469, 0, 2220, 4069, 3197, 0, 5.82%, 0, 90, 22, 4129.15, 10247833, 2063
3475, 0, 2372, 4069, 3197, 0, 5.82%, 0, 91, 22, 684.30, 10265793, 2063
3480, 0, 3501, 4070, 3198, 0, 5.82%, 0, 91, 22, 4218.90, 10286437, 2063
3485, 0, 3218, 4070, 3198, 0, 5.82%, 0, 91, 22, 4167.57, 10307361, 2063
3490, 0, 3097, 4071, 3199, 0, 5.82%, 0, 91, 22, 4006.29, 10327382, 2063
3495, 0, 2112, 4071, 3199, 0, 5.82%, 0, 91, 22, 3640.89, 10345792, 2063
3500, 0, 3218, 4072, 3200, 0, 5.82%, 0, 91, 22, 3914.72, 10365373, 2063
3505, 0, 2464, 4075, 3203, 0, 5.82%, 0, 91, 22, 3988.88, 10385796, 2063
3510, 0, 3964, 4075, 3203, 0, 5.82%, 0, 91, 22, 4137.78, 10406885, 2063
3515, 0, 1276, 4076, 3204, 0, 5.82%, 0, 91, 23, 4132.37, 10427427, 2063
3520, 0, 2526, 4077, 3205, 0, 5.82%, 0, 91, 23, 4317.26, 10449421, 2063
3525, 0, 1657, 4080, 3208, 0, 5.82%, 0, 91, 23, 4196.36, 10470332, 2063
3530, 0, 3255, 4081, 3209, 0, 5.82%, 0, 91, 23, 4237.22, 10491508, 2063
3535, 0, 2087, 4082, 3210, 0, 5.82%, 0, 91, 23, 4215.42, 10512926, 2063
3540, 0, 1051, 4083, 3211, 1, 5.83%, 0, 91, 23, 4270.15, 10534454, 2064
3545, 0, 2568, 4083, 3211, 1, 5.83%, 0, 91, 23, 3976.26, 10551797, 2064
3551, 0, 3560, 4084, 3212, 1, 5.83%, 0, 92, 23, 263.93, 10571549, 2064
3556, 0, 500, 4084, 3209, 1, 5.83%, 0, 92, 23, 3770.09, 10589707, 2064
3561, 0, 848, 4087, 3211, 0, 5.83%, 0, 92, 23, 4182.20, 10611167, 2064
3566, 0, 2526, 4088, 3212, 0, 5.83%, 0, 92, 23, 4139.57, 10631801, 2064
3572, 0, 3351, 4091, 3215, 0, 5.83%, 0, 92, 23, 4284.32, 10654201, 2064
3577, 0, 626, 4092, 3216, 0, 5.83%, 0, 93, 23, 310.10, 10672323, 2064
3582, 0, 2229, 4092, 3216, 0, 5.83%, 0, 94, 23, 4458.14, 10688658, 2064
3587, 0, 3022, 4093, 3217, 0, 5.83%, 0, 94, 23, 4229.46, 10709621, 2064
3592, 0, 1090, 4094, 3218, 0, 5.83%, 0, 94, 23, 4223.82, 10731282, 2064
3598, 0, 1374, 4095, 3219, 0, 5.83%, 0, 95, 23, 337.08, 10751999, 2064
3603, 0, 2229, 4096, 3220, 0, 5.83%, 0, 95, 23, 4257.44, 10773876, 2064
3608, 0, 2449, 4098, 3222, 1, 5.84%, 0, 95, 23, 4180.89, 10794792, 2070
3613, 0, 2696, 4099, 3223, 1, 5.84%, 0, 95, 23, 4234.07, 10816222, 2070
3619, 0, 2857, 4099, 3223, 1, 5.84%, 0, 95, 23, 4212.70, 10838268, 2070
3624, 0, 4096, 4105, 3229, 1, 5.85%, 0, 96, 23, 4062.62, 10854549, 2071
3629, 0, 2366, 4106, 3228, 1, 5.85%, 0, 96, 23, 4178.75, 10875992, 2071
3634, 0, 891, 4107, 3229, 1, 5.85%, 0, 96, 23, 4246.07, 10897393, 2071
3639, 0, 2368, 4110, 3231, 1, 5.85%, 0, 96, 23, 4177.42, 10918567, 2071
3644, 0, 3931, 4111, 3231, 1, 5.85%, 0, 96, 23, 4293.86, 10940169, 2071
3649, 0, 500, 4113, 3232, 0, 5.85%, 0, 97, 23, 3836.22, 10956660, 2071
3654, 0, 2461, 4114, 3233, 0, 5.85%, 0, 97, 23, 4135.55, 10978336, 2071
3659, 0, 3342, 4114, 3233, 0, 5.85%, 0, 97, 23, 4245.66, 10999351, 2071
3664, 0, 1870, 4114, 3233, 0, 5.85%, 0, 97, 23, 4130.64, 11019780, 2071
3669, 0, 848, 4114, 3233, 0, 5.85%, 0, 98, 23, 2703.49, 11036371, 2071
3674, 0, 2366, 4114, 3233, 0, 5.85%, 0, 98, 23, 3839.69, 11056887, 2071
3679, 0, 1985, 4114, 3233, 0, 5.85%, 0, 98, 23, 4073.92, 11077997, 2071
3685, 0, 2366, 4114, 3232, 0, 5.85%, 0, 98, 23, 3869.83, 11098248, 2071
3690, 0, 1870, 4116, 3233, 0, 5.85%, 0, 98, 23, 3524.49, 11116327, 2071
3695, 0, 3306, 4119, 3236, 0, 5.85%, 0, 98, 23, 3923.84, 11137239, 2071
3700, 0, 2783, 4119, 3236, 0, 5.85%, 0, 98, 23, 3717.59, 11155678, 2071
3701, 0, 1817, 4119, 3236, 0, 5.85%, 0, 98, 23, 3868.41, 11160048, 2071
