# relative_time, cycles_done, cur_item, corpus_count, pending_total, pending_favs, map_size, saved_crashes, saved_hangs, max_depth, execs_per_sec, total_execs, edges_found
60, 0, 188, 229, 226, 72, 2.09%, 0, 0, 3, 1029.55, 70082, 742
65, 0, 221, 248, 244, 78, 2.19%, 0, 0, 4, 964.84, 74845, 779
71, 0, 221, 250, 246, 78, 2.22%, 0, 0, 4, 1053.73, 80154, 790
76, 0, 221, 253, 249, 78, 2.23%, 0, 0, 4, 1091.82, 85548, 793
81, 0, 221, 254, 250, 78, 2.23%, 0, 0, 4, 967.33, 90612, 793
86, 0, 221, 255, 251, 78, 2.24%, 0, 0, 4, 1036.52, 95971, 795
91, 0, 221, 257, 253, 78, 2.25%, 0, 0, 4, 956.55, 100874, 800
96, 0, 246, 259, 253, 92, 2.27%, 0, 0, 5, 1021.80, 106146, 806
101, 0, 213, 265, 256, 90, 2.28%, 0, 0, 5, 916.55, 110779, 812
106, 0, 249, 291, 281, 95, 2.31%, 0, 0, 5, 958.24, 115684, 823
111, 0, 153, 295, 279, 88, 2.32%, 0, 0, 5, 978.63, 120727, 824
116, 0, 117, 299, 282, 87, 2.32%, 0, 0, 5, 927.30, 125426, 825
121, 0, 239, 301, 280, 85, 2.33%, 0, 0, 5, 916.31, 130231, 827
126, 0, 205, 310, 285, 81, 2.33%, 0, 0, 5, 910.74, 134929, 828
131, 0, 205, 324, 299, 81, 2.34%, 0, 0, 5, 992.71, 140012, 834
136, 0, 205, 332, 307, 81, 2.35%, 0, 0, 5, 1003.20, 145104, 837
141, 0, 205, 333, 308, 81, 2.35%, 0, 0, 5, 900.90, 149439, 837
147, 0, 205, 335, 310, 81, 2.35%, 0, 0, 5, 916.64, 154244, 837
152, 0, 205, 336, 311, 81, 2.35%, 0, 0, 5, 983.80, 159383, 837
157, 0, 205, 339, 314, 81, 2.37%, 0, 0, 5, 1161.46, 165256, 842
162, 0, 51, 340, 311, 87, 2.37%, 0, 0, 5, 1097.56, 170773, 843
167, 0, 226, 343, 311, 83, 2.38%, 0, 0, 5, 993.39, 175782, 845
172, 0, 334, 348, 315, 82, 2.39%, 0, 0, 5, 1102.64, 181294, 849
177, 0, 259, 349, 314, 82, 2.39%, 0, 0, 6, 1136.88, 186975, 849
182, 0, 348, 351, 313, 80, 2.39%, 0, 0, 6, 942.87, 191425, 849
187, 0, 147, 353, 310, 75, 2.39%, 0, 0, 6, 868.09, 195726, 849
192, 0, 108, 358, 312, 75, 2.39%, 0, 0, 6, 972.82, 200832, 851
198, 0, 354, 365, 317, 73, 2.39%, 0, 0, 6, 975.02, 205927, 851
203, 0, 354, 370, 322, 73, 2.40%, 0, 0, 6, 1013.04, 211244, 854
208, 0, 354, 371, 323, 73, 2.41%, 0, 0, 6, 980.00, 216136, 856
213, 0, 354, 372, 324, 73, 2.41%, 0, 0, 6, 975.54, 221235, 856
218, 0, 354, 377, 329, 73, 2.42%, 0, 0, 6, 996.78, 226230, 861
223, 0, 354, 379, 331, 73, 2.42%, 0, 0, 6, 1032.45, 231475, 861
228, 0, 329, 380, 331, 76, 2.42%, 0, 0, 6, 927.91, 236201, 861
233, 0, 54, 382, 329, 73, 2.44%, 0, 0, 6, 910.69, 240491, 867
238, 0, 248, 394, 338, 71, 2.47%, 0, 0, 6, 1130.85, 246131, 880
243, 0, 248, 401, 345, 71, 2.49%, 0, 0, 6, 1002.59, 251248, 886
248, 0, 248, 404, 348, 71, 2.51%, 0, 0, 6, 1037.16, 256610, 893
254, 0, 248, 412, 356, 71, 2.52%, 0, 0, 6, 995.23, 261327, 898
259, 0, 350, 416, 358, 82, 2.54%, 0, 0, 6, 952.18, 266354, 903
264, 0, 350, 420, 362, 82, 2.54%, 0, 0, 6, 906.61, 270817, 905
269, 0, 350, 420, 362, 82, 2.54%, 0, 0, 6, 1124.71, 276527, 905
274, 0, 350, 420, 362, 82, 2.54%, 0, 0, 6, 1007.63, 281604, 905
279, 0, 373, 422, 361, 82, 2.55%, 0, 0, 6, 970.31, 286320, 908
284, 0, 384, 422, 357, 78, 2.55%, 0, 0, 6, 837.65, 290737, 908
289, 0, 247, 425, 358, 78, 2.58%, 0, 0, 6, 875.30, 295165, 919
294, 0, 97, 429, 361, 77, 2.58%, 0, 0, 6, 1009.03, 300198, 919
299, 0, 256, 431, 362, 79, 2.59%, 0, 0, 6, 968.91, 304928, 921
305, 0, 325, 432, 359, 78, 2.59%, 0, 0, 7, 941.39, 309455, 921
310, 0, 431, 441, 366, 76, 2.61%, 0, 0, 8, 982.04, 314237, 927
315, 0, 386, 446, 367, 76, 2.61%, 0, 0, 8, 1043.77, 319781, 930
320, 0, 427, 449, 366, 74, 2.62%, 0, 0, 8, 980.12, 324790, 932
325, 0, 438, 458, 371, 70, 2.63%, 0, 0, 9, 1006.39, 329983, 934
330, 0, 438, 468, 381, 70, 2.63%, 0, 0, 9, 987.47, 335164, 937
335, 0, 438, 470, 383, 70, 2.63%, 0, 0, 9, 1102.54, 340438, 937
340, 0, 438, 472, 385, 70, 2.64%, 0, 0, 9, 1043.86, 345464, 938
345, 0, 438, 473, 386, 70, 2.64%, 0, 0, 9, 1017.14, 350531, 938
350, 0, 449, 475, 387, 76, 2.64%, 0, 0, 10, 877.83, 354859, 939
355, 0, 449, 479, 391, 76, 2.65%, 0, 0, 10, 847.69, 358865, 941
361, 0, 449, 479, 391, 76, 2.65%, 0, 0, 10, 760.31, 362848, 941
366, 0, 449, 484, 396, 76, 2.65%, 0, 0, 10, 1050.05, 368451, 942
371, 0, 449, 487, 399, 76, 2.65%, 0, 0, 10, 989.27, 373256, 943
376, 0, 449, 487, 399, 76, 2.65%, 0, 0, 10, 1182.16, 379324, 943
381, 0, 448, 496, 406, 77, 2.65%, 0, 0, 10, 1093.25, 384828, 944
386, 0, 448, 500, 410, 77, 2.67%, 0, 0, 10, 1129.93, 390424, 951
391, 0, 448, 500, 410, 77, 2.67%, 0, 0, 10, 1121.45, 395925, 951
396, 0, 448, 500, 410, 77, 2.67%, 0, 0, 10, 1248.38, 402096, 951
401, 0, 448, 500, 410, 77, 2.67%, 0, 0, 10, 1078.99, 407272, 951
406, 0, 448, 500, 410, 77, 2.67%, 0, 0, 10, 1195.26, 413344, 951
411, 0, 477, 500, 408, 77, 2.67%, 0, 0, 10, 1080.81, 418740, 951
416, 0, 345, 502, 408, 75, 2.67%, 0, 0, 10, 1049.01, 424279, 951
422, 0, 425, 502, 403, 71, 2.67%, 0, 0, 10, 986.16, 429548, 951
427, 0, 395, 504, 403, 69, 2.67%, 0, 0, 11, 1037.38, 434842, 951
432, 0, 431, 506, 403, 69, 2.69%, 0, 0, 11, 1009.27, 440066, 956
437, 0, 470, 506, 401, 67, 2.69%, 0, 0, 11, 1143.83, 446030, 956
442, 0, 381, 516, 410, 67, 2.72%, 0, 0, 11, 1081.13, 451415, 967
447, 0, 381, 520, 414, 67, 2.77%, 0, 0, 11, 1077.91, 457029, 984
452, 0, 381, 522, 416, 67, 2.78%, 0, 0, 11, 978.50, 461929, 989
457, 0, 381, 522, 416, 67, 2.78%, 0, 0, 11, 935.97, 466520, 989
462, 0, 381, 524, 418, 67, 2.78%, 0, 0, 11, 1133.67, 472364, 990
467, 0, 40, 526, 418, 74, 2.79%, 0, 0, 11, 1100.44, 477897, 991
472, 0, 521, 529, 418, 73, 2.80%, 0, 0, 11, 1036.83, 483009, 997
477, 0, 504, 531, 417, 71, 2.81%, 0, 0, 11, 960.84, 487756, 999
482, 0, 517, 539, 424, 73, 2.83%, 0, 0, 11, 899.12, 492508, 1007
487, 0, 517, 540, 425, 73, 2.83%, 0, 0, 11, 1082.61, 497745, 1007
492, 0, 517, 541, 426, 73, 2.83%, 0, 0, 11, 1142.37, 503750, 1008
498, 0, 517, 544, 429, 73, 2.84%, 0, 0, 11, 1067.42, 509367, 1009
503, 0, 517, 544, 429, 73, 2.84%, 0, 0, 11, 1028.49, 514432, 1009
508, 0, 517, 546, 431, 73, 2.84%, 0, 0, 11, 1090.41, 519965, 1009
513, 0, 505, 548, 432, 77, 2.85%, 0, 0, 11, 1024.00, 524745, 1013
518, 0, 528, 550, 431, 77, 2.85%, 0, 0, 11, 1028.19, 530072, 1013
523, 0, 540, 553, 433, 76, 2.85%, 0, 0, 11, 1145.55, 535606, 1013
528, 0, 516, 555, 433, 76, 2.85%, 0, 0, 11, 1104.50, 541135, 1013
533, 0, 369, 556, 431, 74, 2.85%, 0, 0, 11, 1123.62, 547007, 1013
538, 0, 556, 566, 437, 71, 2.88%, 0, 0, 11, 1068.59, 552349, 1023
543, 0, 556, 571, 442, 71, 2.88%, 0, 0, 11, 1000.53, 557484, 1025
548, 0, 556, 573, 444, 71, 2.88%, 0, 0, 11, 998.50, 562504, 1026
553, 0, 556, 573, 444, 71, 2.88%, 0, 0, 11, 1124.38, 568228, 1026
558, 0, 556, 573, 444, 71, 2.88%, 0, 0, 11, 1013.72, 573324, 1026
563, 0, 556, 573, 444, 71, 2.88%, 0, 0, 11, 1238.68, 579476, 1026
568, 0, 556, 575, 446, 71, 2.89%, 0, 0, 11, 1128.97, 584913, 1027
573, 0, 554, 576, 444, 74, 2.89%, 0, 0, 11, 1145.82, 590701, 1027
578, 0, 513, 579, 445, 74, 2.90%, 0, 0, 11, 1013.81, 595721, 1032
583, 0, 552, 581, 444, 72, 2.90%, 0, 0, 11, 1083.53, 600976, 1033
589, 0, 532, 591, 453, 71, 2.93%, 0, 0, 11, 1113.87, 606639, 1043
594, 0, 532, 594, 456, 71, 2.94%, 0, 0, 11, 1027.14, 611623, 1045
599, 0, 532, 594, 456, 71, 2.94%, 0, 0, 11, 1198.67, 617899, 1045
604, 0, 532, 595, 457, 71, 2.94%, 0, 0, 11, 1167.13, 623677, 1046
609, 0, 310, 595, 455, 77, 2.94%, 0, 0, 11, 1255.18, 629922, 1046
614, 0, 314, 596, 453, 75, 2.94%, 0, 0, 11, 1090.21, 635299, 1047
619, 0, 441, 599, 455, 74, 2.95%, 0, 0, 11, 992.65, 640216, 1048
624, 0, 441, 600, 456, 74, 2.95%, 0, 0, 11, 1117.10, 645821, 1048
629, 0, 586, 601, 455, 73, 2.95%, 0, 0, 11, 1019.78, 650678, 1048
634, 0, 159, 602, 452, 70, 2.95%, 0, 0, 11, 1172.18, 656415, 1048
639, 0, 588, 609, 457, 68, 2.95%, 0, 0, 11, 1090.28, 661865, 1049
644, 0, 588, 612, 460, 68, 2.98%, 0, 0, 11, 1058.45, 666989, 1061
649, 0, 588, 613, 461, 68, 2.99%, 0, 0, 11, 1153.57, 672501, 1062
654, 0, 588, 614, 462, 68, 2.99%, 0, 0, 11, 1097.88, 678031, 1065
660, 0, 588, 615, 463, 68, 3.02%, 0, 0, 11, 1024.60, 683336, 1073
665, 0, 544, 615, 460, 70, 3.02%, 0, 0, 11, 916.49, 687972, 1073
670, 0, 590, 619, 463, 69, 3.03%, 0, 0, 11, 972.13, 693025, 1076
675, 0, 620, 633, 475, 74, 3.06%, 0, 0, 11, 1010.33, 698305, 1089
680, 0, 620, 642, 484, 74, 3.09%, 0, 0, 11, 962.99, 703059, 1100
685, 0, 620, 645, 487, 74, 3.10%, 0, 0, 11, 973.27, 708001, 1101
690, 0, 620, 649, 491, 74, 3.10%, 0, 0, 11, 981.53, 713026, 1102
695, 0, 620, 651, 493, 74, 3.11%, 0, 0, 11, 1028.82, 718270, 1107
700, 0, 392, 652, 489, 78, 3.12%, 0, 0, 11, 990.51, 723195, 1108
705, 0, 641, 655, 489, 77, 3.12%, 0, 0, 11, 998.86, 728446, 1110
710, 0, 641, 659, 493, 77, 3.12%, 0, 0, 11, 992.71, 733294, 1111
716, 0, 641, 667, 501, 77, 3.13%, 0, 0, 11, 1002.19, 738538, 1112
721, 0, 641, 669, 503, 77, 3.13%, 0, 0, 11, 1143.92, 744287, 1113
726, 0, 458, 670, 503, 81, 3.15%, 0, 0, 11, 1045.75, 749448, 1121
731, 0, 548, 671, 501, 78, 3.15%, 0, 0, 11, 1121.33, 755045, 1121
736, 0, 527, 674, 503, 77, 3.15%, 0, 0, 11, 1098.21, 760249, 1121
741, 0, 527, 678, 507, 77, 3.16%, 0, 0, 11, 1149.46, 765805, 1123
746, 0, 527, 678, 507, 77, 3.16%, 0, 0, 11, 1113.90, 771572, 1123
751, 0, 527, 679, 508, 77, 3.16%, 0, 0, 11, 1144.27, 777123, 1124
756, 0, 527, 680, 509, 77, 3.16%, 0, 0, 11, 1190.96, 783023, 1124
761, 0, 527, 682, 511, 77, 3.16%, 0, 0, 11, 1059.84, 788361, 1124
766, 0, 640, 687, 514, 80, 3.16%, 0, 0, 11, 1111.20, 794034, 1125
771, 0, 640, 690, 517, 80, 3.17%, 0, 0, 11, 1268.41, 800259, 1126
776, 0, 640, 691, 518, 80, 3.17%, 0, 0, 11, 1239.08, 806383, 1127
781, 0, 640, 691, 518, 80, 3.17%, 0, 0, 11, 1084.33, 811789, 1127
786, 0, 640, 691, 518, 80, 3.17%, 0, 0, 11, 1004.18, 816759, 1127
791, 0, 526, 692, 517, 82, 3.17%, 0, 0, 11, 1006.08, 822145, 1127
797, 0, 463, 695, 518, 81, 3.17%, 0, 0, 11, 994.78, 827068, 1128
802, 0, 687, 701, 522, 82, 3.18%, 0, 0, 12, 945.48, 831842, 1132
807, 0, 655, 704, 524, 82, 3.19%, 0, 0, 12, 1106.92, 837615, 1133
812, 0, 695, 709, 528, 82, 3.19%, 0, 0, 12, 1071.09, 842927, 1133
817, 0, 695, 711, 530, 82, 3.19%, 0, 0, 12, 1094.51, 848719, 1133
822, 0, 695, 711, 530, 82, 3.19%, 0, 0, 12, 1075.52, 854071, 1133
827, 0, 654, 712, 530, 82, 3.19%, 0, 0, 12, 1125.22, 859995, 1134
832, 0, 621, 715, 530, 80, 3.19%, 0, 0, 12, 1180.97, 865533, 1135
837, 0, 621, 716, 531, 80, 3.19%, 0, 0, 12, 1196.25, 871542, 1135
842, 0, 100, 716, 530, 79, 3.19%, 0, 0, 12, 1036.19, 877003, 1135
847, 0, 650, 720, 532, 78, 3.20%, 0, 0, 13, 884.57, 881485, 1138
853, 0, 650, 726, 538, 78, 3.21%, 0, 0, 13, 1062.60, 887015, 1142
858, 0, 650, 728, 540, 78, 3.21%, 0, 0, 13, 1072.01, 892531, 1143
863, 0, 650, 729, 541, 78, 3.21%, 0, 0, 13, 1136.19, 898166, 1143
868, 0, 650, 729, 541, 78, 3.21%, 0, 0, 13, 1121.81, 903644, 1143
873, 0, 722, 733, 544, 85, 3.22%, 0, 0, 13, 1108.18, 909147, 1146
878, 0, 722, 734, 545, 85, 3.22%, 0, 0, 13, 990.81, 914076, 1146
883, 0, 698, 736, 545, 83, 3.22%, 0, 0, 13, 1050.07, 919320, 1146
888, 0, 698, 741, 550, 83, 3.22%, 0, 0, 13, 1123.17, 924955, 1147
893, 0, 698, 743, 552, 83, 3.22%, 0, 0, 13, 1043.52, 930090, 1147
898, 0, 698, 743, 552, 83, 3.22%, 0, 0, 13, 1041.30, 935659, 1147
904, 0, 698, 743, 552, 83, 3.22%, 0, 0, 13, 967.71, 940523, 1147
909, 0, 730, 744, 552, 82, 3.23%, 0, 0, 13, 1012.71, 945456, 1148
914, 0, 687, 744, 550, 81, 3.23%, 0, 0, 13, 959.41, 950384, 1148
919, 0, 577, 744, 550, 81, 3.23%, 0, 0, 13, 1038.18, 955473, 1148
924, 0, 122, 745, 547, 78, 3.23%, 0, 0, 13, 1134.58, 961341, 1148
929, 0, 679, 745, 544, 76, 3.23%, 0, 0, 13, 1104.91, 967023, 1148
934, 0, 252, 746, 541, 72, 3.23%, 0, 0, 13, 1115.82, 972478, 1149
939, 0, 537, 749, 543, 72, 3.23%, 0, 0, 13, 964.30, 977512, 1150
944, 0, 498, 751, 543, 71, 3.23%, 0, 0, 13, 1040.53, 982727, 1150
949, 0, 222, 751, 540, 68, 3.23%, 0, 0, 13, 972.71, 987917, 1150
954, 0, 375, 753, 540, 66, 3.23%, 0, 0, 13, 1120.28, 993721, 1150
959, 0, 638, 756, 540, 64, 3.24%, 0, 0, 13, 1136.92, 999420, 1151
964, 0, 638, 758, 542, 64, 3.24%, 0, 0, 13, 1099.85, 1004702, 1151
970, 0, 638, 761, 545, 64, 3.26%, 0, 0, 13, 1048.52, 1010036, 1158
975, 0, 638, 761, 545, 64, 3.26%, 0, 0, 13, 1143.65, 1015824, 1158
980, 0, 638, 763, 547, 64, 3.26%, 0, 0, 13, 973.57, 1020569, 1158
985, 0, 660, 763, 546, 64, 3.26%, 0, 0, 13, 1180.40, 1026581, 1158
990, 0, 541, 763, 543, 61, 3.26%, 0, 0, 13, 1071.21, 1031813, 1158
995, 0, 634, 763, 540, 58, 3.26%, 0, 0, 13, 1165.02, 1037663, 1158
1000, 0, 744, 763, 539, 57, 3.26%, 0, 0, 13, 1063.21, 1042992, 1158
1005, 0, 562, 763, 537, 55, 3.26%, 0, 0, 13, 1120.16, 1048686, 1158
1010, 0, 643, 765, 538, 54, 3.26%, 0, 0, 13, 1024.17, 1053623, 1158
1016, 0, 676, 768, 539, 52, 3.30%, 0, 0, 13, 1048.53, 1059148, 1175
1021, 0, 100, 768, 537, 53, 3.30%, 0, 0, 13, 1128.25, 1065136, 1175
1026, 0, 759, 771, 540, 53, 3.31%, 0, 0, 13, 1032.20, 1070302, 1178
1031, 0, 759, 775, 544, 53, 3.34%, 0, 0, 13, 1017.73, 1075530, 1187
1036, 0, 759, 778, 547, 53, 3.35%, 0, 0, 13, 1027.33, 1080751, 1190
1041, 0, 759, 778, 547, 53, 3.35%, 0, 0, 13, 889.92, 1085072, 1190
1046, 0, 759, 778, 547, 53, 3.35%, 0, 0, 13, 922.15, 1089663, 1190
1051, 0, 712, 782, 550, 60, 3.38%, 0, 0, 13, 1120.84, 1095713, 1201
1056, 0, 442, 783, 549, 61, 3.38%, 0, 0, 13, 1029.00, 1100836, 1202
1061, 0, 765, 784, 546, 57, 3.38%, 0, 0, 13, 1042.11, 1106348, 1202
1066, 0, 748, 787, 547, 56, 3.38%, 0, 0, 13, 971.59, 1111442, 1203
1071, 0, 420, 788, 546, 54, 3.38%, 0, 0, 13, 1037.50, 1116743, 1204
1076, 0, 773, 788, 544, 53, 3.38%, 0, 0, 13, 1002.08, 1121710, 1204
1082, 0, 570, 793, 548, 52, 3.40%, 0, 0, 13, 979.43, 1126655, 1208
1087, 0, 570, 796, 551, 52, 3.40%, 0, 0, 13, 930.31, 1131539, 1210
1092, 0, 570, 797, 552, 52, 3.40%, 0, 0, 13, 1055.11, 1136880, 1210
1097, 0, 570, 797, 552, 52, 3.40%, 0, 0, 13, 1037.46, 1142277, 1210
1102, 0, 570, 797, 552, 52, 3.40%, 0, 0, 13, 1051.39, 1147640, 1210
1107, 0, 570, 797, 552, 52, 3.40%, 0, 0, 13, 1066.16, 1152987, 1210
1112, 0, 791, 797, 550, 56, 3.40%, 0, 0, 13, 1104.42, 1159159, 1210
1117, 0, 793, 797, 549, 55, 3.40%, 0, 0, 13, 1036.77, 1164418, 1210
1122, 0, 792, 803, 553, 53, 3.40%, 0, 0, 13, 1013.09, 1169541, 1210
1127, 0, 792, 804, 554, 53, 3.40%, 0, 0, 13, 1168.35, 1175580, 1210
1132, 0, 792, 804, 554, 53, 3.40%, 0, 0, 13, 1110.81, 1181266, 1210
1137, 0, 792, 806, 556, 53, 3.40%, 0, 0, 13, 1215.20, 1187958, 1211
1142, 0, 792, 806, 556, 53, 3.40%, 0, 0, 13, 1152.78, 1193672, 1211
1147, 0, 792, 806, 556, 53, 3.40%, 0, 0, 13, 1058.21, 1198890, 1211
1153, 0, 771, 806, 554, 53, 3.40%, 0, 0, 13, 1240.76, 1205254, 1211
1158, 0, 787, 807, 554, 53, 3.41%, 0, 0, 13, 1164.92, 1210947, 1212
1163, 0, 753, 809, 554, 51, 3.41%, 0, 0, 13, 1240.99, 1217466, 1212
1168, 0, 648, 809, 553, 51, 3.41%, 0, 0, 13, 1130.60, 1222960, 1212
1173, 0, 806, 812, 555, 50, 3.41%, 0, 0, 14, 1150.73, 1228771, 1214
1178, 0, 806, 813, 556, 50, 3.41%, 0, 0, 14, 1121.44, 1234421, 1214
1183, 0, 806, 813, 556, 50, 3.41%, 0, 0, 14, 1014.63, 1239469, 1214
1188, 0, 806, 815, 558, 50, 3.42%, 0, 0, 14, 1067.24, 1245150, 1215
1193, 0, 766, 819, 559, 51, 3.42%, 0, 0, 14, 1180.28, 1251407, 1217
1198, 0, 766, 821, 561, 51, 3.43%, 0, 0, 14, 1166.68, 1257286, 1220
1203, 0, 766, 822, 562, 51, 3.43%, 0, 0, 14, 1066.74, 1262766, 1220
1208, 0, 766, 823, 563, 51, 3.43%, 0, 0, 14, 1070.70, 1268422, 1220
1213, 0, 766, 824, 564, 51, 3.43%, 0, 0, 14, 1278.47, 1275260, 1220
1218, 0, 766, 824, 564, 51, 3.43%, 0, 0, 14, 1250.96, 1281810, 1220
1223, 0, 818, 825, 564, 54, 3.43%, 0, 0, 14, 1109.11, 1287572, 1220
1228, 0, 431, 825, 562, 52, 3.43%, 0, 0, 14, 1260.87, 1293770, 1220
1234, 0, 820, 832, 567, 50, 3.44%, 0, 0, 14, 1105.43, 1299121, 1222
1239, 0, 820, 835, 570, 50, 3.44%, 0, 0, 14, 1059.25, 1304629, 1223
1244, 0, 820, 836, 571, 50, 3.44%, 0, 0, 14, 1238.66, 1311503, 1223
1249, 0, 820, 838, 573, 50, 3.44%, 0, 0, 14, 1162.57, 1317436, 1224
1254, 0, 820, 839, 574, 50, 3.44%, 0, 0, 14, 1190.14, 1323330, 1224
1259, 0, 813, 842, 576, 51, 3.45%, 0, 0, 15, 1169.65, 1329156, 1228
1264, 0, 781, 842, 575, 52, 3.45%, 0, 0, 15, 1123.95, 1334855, 1228
1269, 0, 781, 847, 580, 52, 3.47%, 0, 0, 15, 1061.70, 1340248, 1234
1274, 0, 781, 851, 584, 52, 3.48%, 0, 0, 15, 1164.44, 1346457, 1237
1279, 0, 781, 853, 586, 52, 3.48%, 0, 0, 15, 1165.09, 1352599, 1237
1284, 0, 818, 854, 586, 58, 3.48%, 0, 0, 15, 1147.02, 1358189, 1238
1289, 0, 836, 857, 589, 59, 3.48%, 0, 0, 15, 1094.73, 1363750, 1238
1294, 0, 808, 857, 588, 58, 3.48%, 0, 0, 15, 1080.76, 1369218, 1238
1299, 0, 552, 859, 587, 56, 3.48%, 0, 0, 15, 1117.15, 1375145, 1239
1304, 0, 838, 864, 592, 56, 3.49%, 0, 0, 15, 1082.97, 1380824, 1242
1310, 0, 838, 864, 592, 56, 3.49%, 0, 0, 15, 1058.48, 1386368, 1242
1315, 0, 838, 864, 592, 56, 3.49%, 0, 0, 15, 1218.37, 1392626, 1242
1320, 0, 648, 865, 592, 57, 3.49%, 0, 0, 15, 1239.56, 1399038, 1242
1325, 0, 841, 868, 595, 57, 3.50%, 0, 0, 16, 1176.00, 1405021, 1245
1330, 0, 841, 871, 598, 57, 3.51%, 0, 0, 16, 1051.28, 1410206, 1248
1335, 0, 841, 871, 598, 57, 3.51%, 0, 0, 16, 1228.35, 1416812, 1248
1340, 0, 841, 871, 598, 57, 3.51%, 0, 0, 16, 1141.43, 1422477, 1248
1345, 0, 841, 871, 598, 57, 3.51%, 0, 0, 16, 1098.82, 1428030, 1248
1350, 0, 841, 871, 598, 57, 3.51%, 0, 0, 16, 1127.07, 1433877, 1248
1355, 0, 845, 876, 602, 62, 3.51%, 0, 0, 16, 1140.82, 1439714, 1249
1360, 0, 716, 880, 604, 61, 3.51%, 0, 0, 16, 1147.92, 1445752, 1250
1365, 0, 821, 882, 604, 60, 3.51%, 0, 0, 16, 1187.24, 1451725, 1250
1370, 0, 850, 883, 603, 59, 3.51%, 0, 0, 16, 1064.76, 1457064, 1250
1375, 0, 864, 888, 607, 58, 3.51%, 0, 0, 16, 1146.17, 1463190, 1250
1380, 0, 864, 889, 608, 58, 3.51%, 0, 0, 16, 1234.35, 1469531, 1250
1385, 0, 864, 890, 609, 58, 3.51%, 0, 0, 16, 1204.22, 1475433, 1250
1391, 0, 256, 890, 608, 57, 3.51%, 0, 0, 16, 1143.86, 1481266, 1250
1396, 0, 769, 891, 608, 56, 3.51%, 0, 0, 16, 1134.32, 1486782, 1250
1401, 0, 887, 894, 609, 54, 3.51%, 0, 0, 16, 1113.55, 1492191, 1250
1406, 0, 887, 894, 609, 54, 3.51%, 0, 0, 16, 1112.01, 1497823, 1250
1411, 0, 879, 894, 608, 53, 3.51%, 0, 0, 16, 1111.89, 1503538, 1250
1416, 0, 881, 894, 607, 52, 3.51%, 0, 0, 16, 1155.37, 1509319, 1250
1421, 0, 843, 894, 606, 51, 3.51%, 0, 0, 16, 1123.58, 1515017, 1250
1426, 0, 544, 894, 603, 48, 3.51%, 0, 0, 16, 1185.07, 1521076, 1250
1431, 0, 844, 894, 602, 47, 3.51%, 0, 0, 16, 1178.80, 1527112, 1250
1436, 0, 856, 894, 600, 45, 3.51%, 0, 0, 16, 1067.79, 1532561, 1250
1441, 0, 856, 895, 601, 45, 3.52%, 0, 0, 16, 1082.23, 1537974, 1252
1446, 0, 747, 898, 602, 44, 3.52%, 0, 0, 16, 1028.54, 1543099, 1253
1451, 0, 764, 898, 601, 44, 3.52%, 0, 0, 16, 1106.98, 1548659, 1253
1456, 0, 870, 898, 600, 43, 3.52%, 0, 0, 16, 1106.25, 1554388, 1253
1461, 0, 851, 899, 600, 42, 3.52%, 0, 0, 17, 1129.70, 1560030, 1253
1466, 0, 49, 900, 600, 41, 3.52%, 0, 0, 17, 1077.74, 1565382, 1253
1471, 0, 782, 901, 599, 39, 3.52%, 0, 0, 18, 1117.46, 1570898, 1253
1477, 0, 828, 902, 597, 36, 3.52%, 0, 0, 18, 1130.27, 1576649, 1253
1482, 0, 897, 904, 598, 35, 3.52%, 0, 0, 18, 1095.81, 1582071, 1253
1487, 0, 641, 904, 596, 34, 3.52%, 0, 0, 18, 1107.82, 1587570, 1253
1492, 0, 803, 904, 596, 34, 3.52%, 0, 0, 18, 1235.47, 1593891, 1253
1497, 0, 857, 905, 595, 32, 3.52%, 0, 0, 18, 1141.51, 1599605, 1253
1502, 0, 423, 905, 593, 30, 3.52%, 0, 0, 18, 1180.81, 1605735, 1253
1507, 0, 724, 908, 594, 28, 3.52%, 0, 0, 18, 1138.81, 1611287, 1253
1512, 0, 814, 908, 593, 28, 3.52%, 0, 0, 18, 1125.50, 1616806, 1253
1517, 0, 657, 910, 594, 28, 3.52%, 0, 0, 18, 1202.80, 1622855, 1253
1522, 0, 687, 911, 593, 26, 3.52%, 0, 0, 18, 1169.73, 1628626, 1253
1527, 0, 569, 911, 593, 26, 3.52%, 0, 0, 18, 1060.50, 1633799, 1253
1532, 0, 810, 911, 592, 25, 3.52%, 0, 0, 18, 1255.54, 1640386, 1253
1537, 0, 911, 914, 592, 22, 3.53%, 0, 0, 18, 1059.65, 1645521, 1254
1542, 0, 595, 914, 591, 22, 3.53%, 0, 0, 18, 1196.04, 1651518, 1254
1547, 0, 690, 918, 593, 20, 3.53%, 0, 0, 18, 1201.26, 1657707, 1254
1552, 0, 826, 918, 592, 20, 3.53%, 0, 0, 18, 1161.37, 1663650, 1254
1557, 0, 337, 918, 590, 19, 3.53%, 0, 0, 18, 1060.43, 1668657, 1254
1562, 0, 653, 918, 589, 18, 3.53%, 0, 0, 18, 1129.71, 1674681, 1254
1568, 0, 872, 920, 590, 18, 3.53%, 0, 0, 18, 1134.77, 1680390, 1254
1573, 0, 733, 922, 590, 17, 3.53%, 0, 0, 18, 1264.39, 1686527, 1255
1578, 0, 919, 927, 592, 14, 3.53%, 0, 0, 18, 1165.23, 1692315, 1255
1583, 0, 919, 928, 593, 14, 3.53%, 0, 0, 18, 1132.31, 1697974, 1255
1588, 0, 919, 928, 593, 14, 3.53%, 0, 0, 18, 1360.17, 1704695, 1255
1593, 0, 919, 928, 593, 14, 3.53%, 0, 0, 18, 1273.76, 1711121, 1255
1598, 0, 431, 928, 592, 13, 3.53%, 0, 0, 18, 1238.73, 1717277, 1255
1603, 0, 54, 928, 592, 13, 3.53%, 0, 0, 18, 1215.10, 1723443, 1255
1608, 0, 881, 928, 592, 13, 3.53%, 0, 0, 18, 1249.21, 1729998, 1255
1613, 0, 337, 929, 592, 12, 3.53%, 0, 0, 18, 1215.53, 1735947, 1255
1618, 0, 869, 929, 592, 12, 3.53%, 0, 0, 18, 1148.66, 1741489, 1255
1623, 0, 394, 930, 590, 9, 3.53%, 0, 0, 18, 1238.11, 1748306, 1255
1628, 0, 687, 931, 591, 9, 3.53%, 0, 0, 18, 1138.49, 1753851, 1255
1633, 0, 905, 932, 591, 9, 3.53%, 0, 0, 18, 1115.23, 1759588, 1255
1638, 0, 729, 934, 592, 8, 3.53%, 0, 0, 18, 1066.65, 1764994, 1257
1644, 0, 932, 934, 591, 9, 3.53%, 0, 0, 18, 1157.34, 1770819, 1257
1649, 0, 810, 934, 589, 7, 3.53%, 0, 0, 18, 1089.32, 1776071, 1257
1654, 0, 425, 934, 588, 6, 3.53%, 0, 0, 18, 1155.39, 1781849, 1257
1659, 0, 523, 937, 591, 6, 3.54%, 0, 0, 18, 1130.36, 1787526, 1258
1664, 0, 540, 938, 589, 6, 3.54%, 0, 0, 18, 1162.87, 1793364, 1258
1669, 0, 919, 940, 591, 6, 3.54%, 0, 0, 18, 1176.59, 1799408, 1258
1674, 0, 919, 940, 591, 6, 3.54%, 0, 0, 18, 1171.00, 1805204, 1258
1679, 0, 919, 940, 591, 6, 3.54%, 0, 0, 18, 1288.32, 1811770, 1258
1684, 0, 919, 940, 591, 6, 3.54%, 0, 0, 18, 1198.41, 1818011, 1258
1689, 0, 29, 940, 591, 6, 3.54%, 0, 0, 18, 1256.01, 1824279, 1258
1694, 0, 648, 940, 590, 6, 3.54%, 0, 0, 18, 1057.26, 1829435, 1258
1699, 0, 247, 940, 590, 6, 3.54%, 0, 0, 18, 1053.00, 1834898, 1258
1704, 0, 518, 940, 589, 6, 3.54%, 0, 0, 18, 1108.72, 1840629, 1258
1709, 0, 933, 940, 589, 6, 3.54%, 0, 0, 18, 1221.95, 1846947, 1258
1715, 0, 678, 941, 588, 4, 3.54%, 0, 0, 18, 1202.54, 1853010, 1258
1720, 0, 881, 941, 586, 4, 3.54%, 0, 0, 18, 1134.77, 1858808, 1258
1725, 0, 881, 942, 587, 4, 3.54%, 0, 0, 18, 1155.65, 1864429, 1258
1730, 0, 801, 942, 587, 4, 3.54%, 0, 0, 18, 1030.90, 1869439, 1258
1735, 0, 687, 942, 585, 2, 3.54%, 0, 0, 18, 1135.53, 1875257, 1258
1740, 0, 648, 943, 586, 3, 3.54%, 0, 0, 18, 1235.66, 1882015, 1259
1745, 0, 398, 944, 586, 2, 3.54%, 0, 0, 18, 1148.35, 1887541, 1259
1750, 0, 638, 945, 585, 2, 3.54%, 0, 0, 18, 1186.69, 1893159, 1260
1755, 0, 759, 945, 585, 2, 3.54%, 0, 0, 18, 1258.02, 1899355, 1260
1760, 0, 177, 945, 585, 2, 3.54%, 0, 0, 18, 1292.15, 1905676, 1260
1765, 0, 944, 948, 587, 2, 3.54%, 0, 0, 18, 1255.29, 1911847, 1260
1770, 0, 945, 948, 586, 2, 3.54%, 0, 0, 18, 1277.82, 1918225, 1260
1775, 0, 919, 948, 585, 1, 3.54%, 0, 0, 18, 1267.79, 1924618, 1260
1780, 0, 919, 948, 585, 1, 3.54%, 0, 0, 18, 1241.63, 1931002, 1260
1785, 0, 687, 948, 585, 1, 3.54%, 0, 0, 18, 1316.67, 1937661, 1260
1790, 0, 459, 948, 585, 1, 3.54%, 0, 0, 18, 1261.90, 1943820, 1260
1796, 0, 431, 948, 584, 0, 3.54%, 0, 0, 18, 1184.17, 1949704, 1260
1801, 0, 843, 948, 584, 0, 3.54%, 0, 0, 18, 1086.03, 1955215, 1260
1806, 0, 247, 948, 584, 0, 3.54%, 0, 0, 18, 1247.13, 1962070, 1260
1811, 0, 431, 950, 586, 0, 3.54%, 0, 0, 18, 1132.03, 1967401, 1260
1816, 0, 337, 950, 586, 0, 3.54%, 0, 0, 18, 1201.43, 1973820, 1260
1821, 0, 120, 950, 586, 0, 3.54%, 0, 0, 18, 1312.67, 1980792, 1260
1826, 0, 467, 950, 586, 0, 3.54%, 0, 0, 18, 1326.28, 1987470, 1260
1831, 0, 467, 950, 586, 0, 3.54%, 0, 0, 18, 1121.49, 1992965, 1260
1836, 0, 337, 950, 586, 0, 3.54%, 0, 0, 18, 1189.37, 1998614, 1260
1841, 0, 247, 950, 586, 0, 3.54%, 0, 0, 18, 1236.97, 2004866, 1260
1846, 0, 898, 950, 586, 0, 3.54%, 0, 0, 18, 1168.31, 2010668, 1260
1851, 0, 898, 950, 586, 0, 3.54%, 0, 0, 18, 1133.09, 2016354, 1260
1857, 0, 162, 950, 586, 0, 3.54%, 0, 0, 18, 1190.24, 2022675, 1260
1862, 0, 648, 950, 586, 0, 3.54%, 0, 0, 18, 1170.20, 2028727, 1260
1867, 0, 687, 950, 586, 0, 3.54%, 0, 0, 18, 1200.96, 2034806, 1260
1872, 0, 730, 950, 586, 0, 3.54%, 0, 0, 18, 1065.80, 2040011, 1260
1877, 0, 197, 950, 586, 0, 3.54%, 0, 0, 18, 1064.28, 2045483, 1260
1882, 0, 344, 950, 586, 0, 3.54%, 0, 0, 18, 1152.34, 2051119, 1260
1887, 0, 394, 950, 586, 0, 3.54%, 0, 0, 18, 1132.14, 2056912, 1260
1892, 0, 552, 953, 589, 0, 3.56%, 0, 0, 18, 1086.12, 2062601, 1265
1897, 0, 792, 953, 589, 3, 3.56%, 0, 0, 18, 1082.55, 2068180, 1265
1902, 0, 54, 953, 589, 3, 3.56%, 0, 0, 18, 1145.98, 2074292, 1265
1907, 0, 813, 953, 589, 3, 3.56%, 0, 0, 18, 1245.53, 2080741, 1265
1912, 0, 787, 954, 589, 2, 3.56%, 0, 0, 18, 1137.11, 2086496, 1265
1918, 0, 638, 954, 588, 3, 3.56%, 0, 0, 18, 1236.64, 2093320, 1265
1923, 0, 546, 954, 587, 2, 3.56%, 0, 0, 18, 1146.94, 2099221, 1265
1928, 0, 10, 954, 586, 2, 3.56%, 0, 0, 18, 1047.12, 2104321, 1265
1933, 0, 162, 954, 585, 2, 3.56%, 0, 0, 18, 1080.34, 2109980, 1265
1938, 0, 337, 954, 585, 2, 3.56%, 0, 0, 18, 1162.30, 2116414, 1265
1943, 0, 651, 954, 585, 2, 3.56%, 0, 0, 18, 1166.82, 2122267, 1265
1948, 0, 903, 954, 585, 2, 3.56%, 0, 0, 18, 1200.03, 2128840, 1265
1953, 0, 952, 956, 587, 2, 3.56%, 0, 0, 18, 1132.26, 2134712, 1266
1958, 0, 42, 956, 586, 2, 3.56%, 0, 0, 18, 1175.51, 2140973, 1266
1963, 0, 954, 958, 587, 2, 3.56%, 0, 0, 18, 1189.81, 2147226, 1266
1968, 0, 247, 958, 585, 1, 3.56%, 0, 0, 18, 1102.26, 2152757, 1266
1973, 0, 641, 958, 585, 1, 3.56%, 0, 0, 18, 1189.80, 2158860, 1266
1978, 0, 239, 958, 585, 1, 3.56%, 0, 0, 18, 1112.01, 2164827, 1266
1983, 0, 394, 958, 585, 1, 3.56%, 0, 0, 18, 1234.43, 2171105, 1266
1989, 0, 687, 958, 584, 0, 3.56%, 0, 0, 18, 1121.91, 2176572, 1266
1994, 0, 648, 958, 584, 0, 3.56%, 0, 0, 18, 1117.26, 2182417, 1266
1999, 0, 247, 958, 584, 0, 3.56%, 0, 0, 18, 1162.66, 2188332, 1266
2004, 0, 879, 958, 584, 0, 3.56%, 0, 0, 18, 1126.61, 2194043, 1266
2009, 0, 836, 958, 584, 0, 3.56%, 0, 0, 18, 1236.46, 2200253, 1266
2014, 0, 728, 958, 584, 0, 3.56%, 0, 0, 18, 1261.02, 2206923, 1266
2019, 0, 247, 958, 584, 0, 3.56%, 0, 0, 18, 1249.83, 2213361, 1266
2024, 0, 858, 958, 584, 0, 3.56%, 0, 0, 18, 1171.96, 2219468, 1266
2029, 0, 845, 958, 584, 0, 3.56%, 0, 0, 18, 1153.15, 2225439, 1266
2034, 0, 687, 958, 584, 0, 3.56%, 0, 0, 18, 1091.27, 2230806, 1266
2039, 0, 845, 958, 584, 0, 3.56%, 0, 0, 18, 1141.78, 2237067, 1266
2044, 0, 687, 958, 584, 0, 3.56%, 0, 0, 18, 1140.59, 2242770, 1266
2049, 0, 310, 958, 584, 0, 3.56%, 0, 0, 18, 1106.93, 2248405, 1266
2054, 0, 879, 958, 584, 0, 3.56%, 0, 0, 18, 1352.96, 2255548, 1266
2059, 0, 687, 958, 584, 0, 3.56%, 0, 0, 18, 1319.62, 2262522, 1266
2064, 0, 337, 958, 584, 0, 3.56%, 0, 0, 18, 1178.16, 2268315, 1266
2069, 0, 818, 958, 584, 0, 3.56%, 0, 0, 18, 1232.61, 2274601, 1266
2074, 0, 394, 958, 584, 0, 3.56%, 0, 0, 18, 1253.05, 2281213, 1266
2079, 0, 589, 958, 584, 0, 3.56%, 0, 0, 18, 1265.42, 2287876, 1266
2084, 0, 529, 958, 584, 0, 3.56%, 0, 0, 18, 1228.74, 2294234, 1266
2090, 0, 247, 958, 584, 0, 3.56%, 0, 0, 18, 1419.44, 2301671, 1266
2095, 0, 810, 958, 584, 0, 3.56%, 0, 0, 18, 1152.89, 2307258, 1266
2100, 0, 919, 958, 584, 0, 3.56%, 0, 0, 18, 1196.56, 2313816, 1266
2105, 0, 919, 958, 584, 0, 3.56%, 0, 0, 18, 1235.92, 2320165, 1266
2110, 0, 337, 958, 584, 0, 3.56%, 0, 0, 18, 1284.16, 2327039, 1266
2115, 0, 806, 958, 584, 0, 3.56%, 0, 0, 18, 1196.35, 2332965, 1266
2120, 0, 470, 959, 585, 0, 3.56%, 0, 0, 18, 1301.98, 2339991, 1266
2125, 0, 470, 959, 585, 0, 3.56%, 0, 0, 18, 1300.18, 2346463, 1266
2130, 0, 856, 959, 585, 0, 3.56%, 0, 0, 18, 1302.19, 2353114, 1266
2135, 0, 887, 959, 585, 0, 3.56%, 0, 0, 18, 1233.20, 2359456, 1266
2140, 0, 648, 959, 585, 0, 3.56%, 0, 0, 18, 1105.97, 2364855, 1266
2145, 0, 813, 962, 588, 2, 3.57%, 0, 0, 18, 1180.89, 2370794, 1269
2151, 0, 960, 975, 601, 2, 3.68%, 0, 0, 18, 1292.04, 2377109, 1310
2156, 0, 960, 981, 607, 2, 3.69%, 0, 0, 18, 1134.01, 2382870, 1312
2161, 0, 960, 982, 608, 2, 3.78%, 0, 0, 18, 1314.12, 2389909, 1345
2166, 0, 960, 983, 609, 2, 3.79%, 0, 0, 18, 1188.92, 2395906, 1347
2171, 0, 976, 986, 610, 11, 3.85%, 0, 0, 18, 1100.97, 2401404, 1368
2176, 0, 974, 988, 610, 10, 3.85%, 0, 0, 18, 1204.78, 2407555, 1368
2181, 0, 973, 995, 616, 14, 3.89%, 0, 0, 18, 1247.43, 2413969, 1383
2186, 0, 986, 1018, 638, 15, 3.92%, 0, 0, 18, 1246.59, 2420364, 1395
2191, 0, 986, 1022, 642, 15, 3.96%, 0, 0, 18, 1204.86, 2426527, 1407
2196, 0, 986, 1024, 644, 15, 3.97%, 0, 0, 18, 1170.91, 2432501, 1413
2201, 0, 986, 1024, 644, 15, 3.97%, 0, 0, 18, 1180.71, 2438251, 1413
2206, 0, 1015, 1030, 649, 19, 3.98%, 0, 0, 18, 1240.88, 2444918, 1414
2211, 0, 1015, 1031, 650, 19, 3.98%, 0, 0, 18, 1206.35, 2451021, 1415
2216, 0, 1021, 1034, 652, 19, 3.98%, 0, 0, 18, 1241.69, 2457557, 1415
2221, 0, 1021, 1039, 657, 19, 4.01%, 0, 0, 18, 1274.04, 2464167, 1427
2227, 0, 1021, 1041, 659, 19, 4.02%, 0, 0, 18, 1115.68, 2469605, 1429
2232, 0, 1021, 1042, 660, 19, 4.02%, 0, 0, 18, 1072.86, 2474841, 1430
2237, 0, 1021, 1043, 661, 19, 4.02%, 0, 0, 18, 1384.39, 2481625, 1430
2242, 0, 1021, 1054, 672, 19, 4.03%, 0, 0, 18, 1258.23, 2487277, 1434
2247, 0, 998, 1056, 672, 25, 4.03%, 0, 0, 18, 1107.04, 2492723, 1435
2252, 0, 1040, 1061, 676, 24, 4.08%, 0, 0, 18, 1269.69, 2499393, 1452
2257, 0, 1040, 1061, 676, 24, 4.08%, 0, 0, 18, 1308.53, 2506229, 1452
2262, 0, 1040, 1061, 676, 24, 4.08%, 0, 0, 18, 1366.64, 2513197, 1452
2267, 0, 1040, 1061, 676, 24, 4.08%, 0, 0, 18, 1154.10, 2518957, 1452
2272, 0, 1012, 1063, 677, 27, 4.09%, 0, 0, 18, 1145.19, 2524600, 1453
2277, 0, 1041, 1066, 679, 26, 4.09%, 0, 0, 18, 1275.53, 2531489, 1455
2282, 0, 1041, 1067, 680, 26, 4.09%, 0, 0, 18, 1248.84, 2537646, 1455
2287, 0, 1041, 1069, 682, 26, 4.09%, 0, 0, 18, 1065.62, 2542905, 1456
2292, 0, 1041, 1069, 682, 26, 4.09%, 0, 0, 18, 1032.61, 2547925, 1456
2297, 0, 1041, 1070, 683, 26, 4.09%, 0, 0, 18, 1127.09, 2553608, 1456
2303, 0, 1041, 1071, 684, 26, 4.09%, 0, 0, 18, 1162.02, 2559715, 1456
2308, 0, 1034, 1075, 686, 25, 4.09%, 0, 0, 18, 1254.07, 2566305, 1456
2313, 0, 867, 1076, 685, 23, 4.09%, 0, 0, 18, 1148.76, 2572246, 1456
2318, 0, 1065, 1079, 688, 23, 4.10%, 0, 0, 18, 1291.98, 2578843, 1457
2323, 0, 1065, 1080, 689, 23, 4.10%, 0, 0, 18, 1145.72, 2584601, 1457
2328, 0, 1065, 1081, 690, 23, 4.10%, 0, 0, 18, 1187.11, 2590639, 1458
2333, 0, 1065, 1082, 691, 23, 4.10%, 0, 0, 18, 1091.67, 2596082, 1458
2338, 0, 1081, 1082, 690, 24, 4.10%, 0, 0, 18, 1276.84, 2602736, 1458
2343, 0, 993, 1091, 698, 23, 4.10%, 0, 0, 18, 1213.27, 2608818, 1458
2348, 0, 993, 1099, 706, 23, 4.10%, 0, 0, 18, 1235.92, 2614691, 1458
2353, 0, 993, 1102, 709, 23, 4.10%, 0, 0, 18, 1172.67, 2620393, 1458
2359, 0, 993, 1102, 709, 23, 4.10%, 0, 0, 18, 1377.75, 2627699, 1458
2364, 0, 887, 1104, 710, 22, 4.10%, 0, 0, 18, 1233.70, 2634013, 1458
2369, 0, 654, 1104, 710, 22, 4.10%, 0, 0, 18, 865.36, 2638450, 1458
2374, 0, 1077, 1106, 712, 22, 4.10%, 0, 0, 18, 974.78, 2642861, 1459
2379, 0, 1077, 1106, 712, 22, 4.10%, 0, 0, 18, 1029.31, 2648476, 1459
2384, 0, 1053, 1107, 711, 21, 4.10%, 0, 0, 18, 966.23, 2653330, 1459
2389, 0, 1053, 1109, 713, 21, 4.10%, 0, 0, 18, 1012.30, 2658512, 1459
2394, 0, 1053, 1110, 714, 21, 4.10%, 0, 0, 18, 1304.01, 2665463, 1459
2399, 0, 1053, 1110, 714, 21, 4.10%, 0, 0, 18, 1061.20, 2671520, 1459
2405, 0, 1053, 1110, 714, 21, 4.10%, 0, 0, 18, 1124.14, 2677327, 1459
2410, 0, 1056, 1111, 713, 19, 4.10%, 0, 0, 18, 1040.48, 2682588, 1459
2415, 0, 1078, 1112, 713, 18, 4.13%, 0, 0, 18, 1017.76, 2687810, 1469
2420, 0, 1064, 1114, 714, 18, 4.14%, 0, 0, 18, 1017.15, 2692819, 1471
2425, 0, 1064, 1114, 714, 18, 4.14%, 0, 0, 18, 921.48, 2697393, 1471
2430, 0, 1020, 1115, 714, 19, 4.14%, 0, 0, 18, 989.84, 2702925, 1471
2435, 0, 635, 1115, 713, 18, 4.14%, 0, 0, 18, 887.31, 2707386, 1471
2440, 0, 1111, 1120, 717, 18, 4.14%, 0, 0, 19, 1115.92, 2713243, 1473
2445, 0, 1111, 1120, 717, 18, 4.14%, 0, 0, 19, 1070.34, 2718510, 1473
2450, 0, 1111, 1120, 717, 18, 4.14%, 0, 0, 19, 1241.97, 2724579, 1473
2455, 0, 1111, 1121, 718, 18, 4.14%, 0, 0, 19, 1103.32, 2729816, 1473
2460, 0, 1111, 1121, 718, 18, 4.14%, 0, 0, 19, 914.45, 2734192, 1473
2465, 0, 1111, 1122, 719, 18, 4.14%, 0, 0, 19, 951.21, 2738681, 1473
2470, 0, 1111, 1122, 719, 18, 4.14%, 0, 0, 19, 811.43, 2742585, 1473
2475, 0, 1097, 1122, 718, 21, 4.14%, 0, 0, 19, 1039.58, 2748193, 1473
2480, 0, 1023, 1122, 716, 19, 4.14%, 0, 0, 19, 995.62, 2752952, 1473
2485, 0, 1023, 1125, 719, 19, 4.15%, 0, 0, 19, 1017.31, 2758130, 1476
2490, 0, 1122, 1125, 718, 21, 4.15%, 0, 0, 19, 936.80, 2762796, 1476
2496, 0, 795, 1125, 717, 20, 4.15%, 0, 0, 19, 866.11, 2767122, 1476
2501, 0, 1105, 1126, 718, 20, 4.15%, 0, 0, 19, 707.62, 2770568, 1476
2506, 0, 1105, 1126, 718, 20, 4.15%, 0, 0, 19, 686.47, 2774126, 1476
2511, 0, 959, 1127, 718, 19, 4.15%, 0, 0, 19, 795.38, 2778091, 1476
2516, 0, 1002, 1127, 717, 19, 4.15%, 0, 0, 19, 809.44, 2782215, 1476
2521, 0, 1060, 1129, 718, 18, 4.15%, 0, 0, 19, 807.83, 2786192, 1476
3128, 0, 1060, 1130, 719, 18, 4.16%, 0, 0, 19, 0.16, 2787744, 1478
3133, 0, 1123, 1130, 718, 18, 4.16%, 0, 0, 19, 769.12, 2791537, 1478
3138, 0, 728, 1130, 717, 17, 4.16%, 0, 0, 19, 936.83, 2796440, 1478
3143, 0, 1008, 1130, 717, 17, 4.16%, 0, 0, 19, 1055.26, 2802205, 1478
3148, 0, 884, 1132, 718, 16, 4.16%, 0, 0, 19, 836.02, 2806256, 1479
3153, 0, 884, 1134, 720, 16, 4.16%, 0, 0, 19, 839.03, 2810622, 1480
3158, 0, 884, 1135, 721, 16, 4.16%, 0, 0, 19, 1011.32, 2816001, 1480
3163, 0, 884, 1135, 721, 16, 4.16%, 0, 0, 19, 1054.24, 2821281, 1480
3168, 0, 884, 1135, 721, 16, 4.16%, 0, 0, 19, 932.20, 2825938, 1480
3173, 0, 884, 1136, 722, 16, 4.16%, 0, 0, 19, 909.64, 2830667, 1480
3178, 0, 1057, 1137, 722, 18, 4.16%, 0, 0, 19, 788.91, 2834755, 1480
3183, 0, 1124, 1138, 722, 17, 4.16%, 0, 0, 19, 830.58, 2838995, 1480
3188, 0, 1107, 1138, 720, 15, 4.16%, 0, 0, 19, 846.71, 2843330, 1480
3194, 0, 845, 1138, 719, 14, 4.16%, 0, 0, 19, 809.48, 2847424, 1480
3199, 0, 1133, 1139, 720, 14, 4.16%, 0, 0, 19, 919.93, 2852423, 1480
3204, 0, 1031, 1139, 718, 12, 4.16%, 0, 0, 19, 854.18, 2856868, 1480
3209, 0, 1003, 1139, 717, 11, 4.16%, 0, 0, 19, 887.77, 2861229, 1480
3214, 0, 1119, 1141, 717, 10, 4.16%, 0, 0, 19, 1092.56, 2866798, 1481
3219, 0, 385, 1142, 716, 9, 4.16%, 0, 0, 19, 1128.56, 2872819, 1481
3224, 0, 239, 1142, 713, 8, 4.16%, 0, 0, 19, 1190.30, 2879213, 1481
3229, 0, 1080, 1142, 713, 8, 4.16%, 0, 0, 19, 1080.73, 2884891, 1481
3234, 0, 1017, 1142, 712, 7, 4.16%, 0, 0, 19, 956.68, 2889739, 1481
3239, 0, 470, 1142, 711, 6, 4.16%, 0, 0, 19, 906.05, 2894352, 1481
3244, 0, 470, 1142, 711, 6, 4.16%, 0, 0, 19, 880.38, 2899163, 1481
3249, 0, 470, 1142, 711, 6, 4.16%, 0, 0, 19, 814.53, 2903527, 1481
3254, 0, 1126, 1142, 711, 6, 4.16%, 0, 0, 19, 827.71, 2907788, 1481
3259, 0, 1112, 1142, 710, 5, 4.16%, 0, 0, 19, 776.22, 2911703, 1481
3264, 0, 637, 1142, 709, 4, 4.16%, 0, 0, 19, 974.74, 2916960, 1481
3269, 0, 789, 1142, 709, 4, 4.16%, 0, 0, 19, 922.82, 2921929, 1481
3275, 0, 1081, 1142, 709, 4, 4.16%, 0, 0, 19, 982.51, 2927070, 1481
3280, 0, 1116, 1143, 710, 5, 4.17%, 0, 0, 19, 958.95, 2931746, 1482
3285, 0, 1142, 1149, 715, 5, 4.17%, 0, 0, 19, 1030.94, 2937211, 1482
3290, 0, 1142, 1155, 721, 5, 4.17%, 0, 0, 19, 921.63, 2941806, 1482
3295, 0, 1142, 1157, 723, 5, 4.17%, 0, 0, 19, 1020.58, 2947108, 1482
3300, 0, 1142, 1157, 723, 5, 4.17%, 0, 0, 19, 964.88, 2952290, 1482
3305, 0, 1142, 1157, 723, 5, 4.17%, 0, 0, 19, 900.13, 2957157, 1482
3310, 0, 1142, 1158, 724, 5, 4.17%, 0, 0, 19, 873.11, 2961703, 1482
3315, 0, 1142, 1158, 724, 5, 4.17%, 0, 0, 19, 839.54, 2966395, 1482
3320, 0, 1142, 1158, 724, 5, 4.17%, 0, 0, 19, 706.81, 2969792, 1482
3325, 0, 1113, 1159, 724, 5, 4.17%, 0, 0, 19, 755.91, 2974041, 1482
3330, 0, 695, 1159, 721, 3, 4.17%, 0, 0, 19, 894.01, 2978513, 1482
3335, 0, 695, 1159, 721, 3, 4.17%, 0, 0, 19, 1022.67, 2983790, 1482
3340, 0, 475, 1160, 722, 3, 4.17%, 0, 0, 19, 1082.29, 2989661, 1482
3345, 0, 1081, 1160, 722, 3, 4.17%, 0, 0, 19, 1085.88, 2995577, 1482
3351, 0, 1140, 1160, 722, 3, 4.17%, 0, 0, 19, 951.98, 3000301, 1482
3356, 0, 1140, 1163, 725, 3, 4.17%, 0, 0, 19, 963.17, 3005377, 1485
3361, 0, 1140, 1165, 727, 3, 4.18%, 0, 0, 19, 1014.78, 3010825, 1486
3366, 0, 1140, 1165, 727, 3, 4.18%, 0, 0, 19, 1079.57, 3016261, 1486
3371, 0, 1140, 1165, 727, 3, 4.18%, 0, 0, 19, 956.23, 3021070, 1486
3376, 0, 1140, 1165, 727, 3, 4.18%, 0, 0, 19, 977.09, 3026500, 1486
3381, 0, 1140, 1165, 727, 3, 4.18%, 0, 0, 19, 939.12, 3031258, 1486
3386, 0, 945, 1165, 726, 6, 4.18%, 0, 0, 19, 1063.38, 3036900, 1486
3391, 0, 836, 1165, 726, 6, 4.18%, 0, 0, 19, 1105.09, 3042610, 1486
3396, 0, 808, 1166, 726, 5, 4.18%, 0, 0, 19, 1083.94, 3048271, 1486
3401, 0, 1144, 1166, 726, 5, 4.18%, 0, 0, 19, 1163.55, 3054373, 1486
3406, 0, 1064, 1166, 724, 4, 4.18%, 0, 0, 19, 1155.45, 3060157, 1486
3411, 0, 813, 1166, 724, 4, 4.18%, 0, 0, 19, 1110.52, 3066065, 1486
3416, 0, 887, 1166, 724, 4, 4.18%, 0, 0, 19, 1063.04, 3071468, 1486
3421, 0, 1081, 1169, 727, 4, 4.18%, 0, 0, 19, 1101.98, 3077442, 1486
3426, 0, 648, 1170, 727, 4, 4.18%, 0, 0, 19, 984.52, 3082543, 1486
3432, 0, 1161, 1170, 727, 4, 4.18%, 0, 0, 19, 1086.41, 3088407, 1486
3437, 0, 231, 1171, 727, 3, 4.18%, 0, 0, 20, 1054.89, 3094036, 1486
3442, 0, 496, 1171, 726, 3, 4.18%, 0, 0, 20, 934.70, 3098948, 1486
3447, 0, 394, 1172, 727, 3, 4.18%, 0, 0, 20, 1111.35, 3105119, 1486
3452, 0, 1064, 1172, 727, 3, 4.18%, 0, 0, 20, 1261.95, 3111580, 1486
3457, 0, 1113, 1172, 727, 3, 4.18%, 0, 0, 20, 1190.86, 3117438, 1486
3462, 0, 648, 1172, 727, 3, 4.18%, 0, 0, 20, 1206.11, 3124196, 1486
3467, 0, 945, 1174, 729, 3, 4.18%, 0, 0, 20, 1273.48, 3130746, 1487
3472, 0, 945, 1174, 729, 3, 4.18%, 0, 0, 20, 1199.26, 3136782, 1487
3477, 0, 546, 1174, 729, 4, 4.18%, 0, 0, 20, 1033.87, 3141785, 1487
3482, 0, 337, 1175, 730, 4, 4.18%, 0, 0, 20, 1153.39, 3147779, 1487
3487, 0, 951, 1175, 730, 4, 4.18%, 0, 0, 20, 990.41, 3153030, 1487
3492, 0, 1040, 1175, 730, 4, 4.18%, 0, 0, 20, 1000.35, 3158078, 1487
3497, 0, 246, 1175, 730, 4, 4.18%, 0, 0, 20, 1109.24, 3163810, 1487
3503, 0, 395, 1175, 730, 4, 4.18%, 0, 0, 20, 1165.81, 3170326, 1487
3508, 0, 945, 1176, 731, 4, 4.18%, 0, 0, 20, 1123.10, 3175929, 1487
3513, 0, 945, 1176, 731, 4, 4.18%, 0, 0, 20, 1021.06, 3181125, 1487
3518, 0, 1081, 1176, 731, 4, 4.18%, 0, 0, 20, 1096.57, 3186817, 1487
3523, 0, 442, 1177, 731, 3, 4.18%, 0, 0, 20, 1201.99, 3192660, 1487
3528, 0, 442, 1177, 731, 3, 4.18%, 0, 0, 20, 1276.73, 3199025, 1487
3533, 0, 1015, 1177, 731, 3, 4.18%, 0, 0, 20, 1276.73, 3206072, 1487
3538, 0, 858, 1177, 731, 3, 4.18%, 0, 0, 20, 1217.57, 3211864, 1487
3543, 0, 945, 1177, 731, 3, 4.18%, 0, 0, 20, 1241.48, 3218353, 1487
3548, 0, 1040, 1178, 732, 3, 4.18%, 0, 0, 20, 1188.31, 3224461, 1487
3553, 0, 620, 1178, 732, 3, 4.18%, 0, 0, 20, 1163.28, 3230168, 1487
3558, 0, 620, 1178, 732, 3, 4.18%, 0, 0, 20, 1172.72, 3236371, 1487
3563, 0, 431, 1178, 732, 3, 4.18%, 0, 0, 20, 1225.94, 3242455, 1487
3568, 0, 728, 1178, 731, 2, 4.18%, 0, 0, 20, 1124.21, 3248088, 1487
3573, 0, 1081, 1179, 732, 3, 4.18%, 0, 0, 20, 1174.07, 3253619, 1487
3578, 0, 1081, 1179, 732, 3, 4.18%, 0, 0, 20, 1254.69, 3259991, 1487
3584, 0, 1178, 1180, 733, 3, 4.19%, 0, 0, 20, 1020.44, 3265175, 1491
3589, 0, 1178, 1182, 735, 3, 4.20%, 0, 0, 20, 912.83, 3269792, 1495
3594, 0, 1179, 1183, 735, 5, 4.21%, 0, 0, 20, 1020.06, 3275140, 1496
3599, 0, 945, 1183, 734, 5, 4.21%, 0, 0, 20, 1238.23, 3281414, 1496
3604, 0, 1182, 1185, 736, 5, 4.21%, 0, 0, 20, 1151.52, 3287418, 1497
3609, 0, 1185, 1188, 738, 5, 4.21%, 0, 0, 20, 1101.96, 3293496, 1499
3614, 0, 813, 1188, 737, 4, 4.21%, 0, 0, 20, 1080.68, 3299007, 1499
3619, 0, 1180, 1188, 737, 4, 4.21%, 0, 0, 20, 1101.76, 3304973, 1499
3624, 0, 811, 1188, 736, 3, 4.21%, 0, 0, 20, 1047.34, 3310302, 1499
3628, 0, 813, 1188, 734, 2, 4.21%, 0, 0, 20, 1239.90, 3315697, 1499
