# unix_time, cycles_done, cur_path, paths_total, pending_total, pending_favs, map_size, unique_crashes, unique_hangs, max_depth, execs_per_sec
1669696753, 0, 0, 1, 1, 1, 2.72%, 0, 0, 1, 1142.86
1669696758, 0, 0, 144, 144, 1, 4.59%, 0, 0, 2, 1315.06
1669696763, 0, 0, 164, 164, 1, 4.70%, 0, 0, 2, 1270.82
1669696768, 0, 0, 165, 165, 1, 4.70%, 0, 0, 2, 1160.55
1669696773, 0, 0, 177, 177, 1, 4.86%, 0, 0, 2, 1101.84
1669696778, 0, 0, 184, 184, 1, 4.87%, 0, 0, 2, 1051.09
1669696783, 0, 0, 186, 186, 1, 4.87%, 0, 0, 2, 1104.78
1669696799, 0, 0, 187, 187, 1, 4.88%, 0, 0, 2, 1366.62
1669696804, 0, 0, 192, 192, 1, 4.88%, 0, 0, 2, 1327.73
1669696809, 0, 0, 197, 197, 1, 4.91%, 0, 0, 2, 1296.20
1669696814, 0, 0, 214, 214, 1, 4.93%, 0, 0, 2, 1171.59
1669696819, 0, 0, 270, 270, 1, 5.02%, 0, 0, 2, 1119.98
1669696824, 0, 0, 285, 285, 1, 5.11%, 0, 0, 2, 1089.59
1669696829, 0, 0, 304, 304, 1, 5.20%, 0, 0, 2, 1347.88
1669696834, 0, 0, 314, 314, 1, 5.26%, 0, 0, 2, 1506.80
1669696840, 0, 2, 326, 325, 146, 5.27%, 0, 0, 2, 1535.41
1669696845, 0, 3, 326, 324, 145, 5.27%, 0, 0, 2, 1610.03
1669696855, 0, 4, 326, 323, 144, 5.27%, 0, 0, 2, 1589.57
1669696860, 0, 6, 327, 323, 144, 5.27%, 0, 0, 3, 1541.19
1669696865, 0, 8, 327, 322, 143, 5.27%, 0, 0, 3, 1328.53
1669696931, 0, 8, 336, 331, 143, 5.29%, 0, 0, 3, 1365.22
1669696936, 0, 8, 341, 336, 143, 5.30%, 0, 0, 3, 1378.99
1669696941, 0, 8, 352, 347, 143, 5.37%, 0, 0, 3, 1426.00
1669696946, 0, 11, 354, 348, 152, 5.38%, 0, 0, 3, 1249.40
1669697002, 0, 11, 361, 355, 152, 5.40%, 0, 0, 3, 1354.04
1669697007, 0, 11, 365, 359, 152, 5.40%, 0, 0, 3, 1414.07
1669697012, 0, 11, 375, 369, 152, 5.41%, 0, 0, 3, 1425.34
1669697017, 0, 13, 378, 371, 153, 5.42%, 0, 0, 3, 1360.23
1669697022, 0, 13, 391, 384, 153, 5.56%, 0, 0, 3, 1207.07
1669697037, 0, 13, 392, 385, 153, 5.56%, 0, 0, 3, 1186.30
1669697073, 0, 13, 393, 386, 153, 5.56%, 0, 0, 3, 1177.87
1669697078, 0, 13, 395, 388, 153, 5.56%, 0, 0, 3, 1190.32
1669697083, 0, 13, 400, 393, 153, 5.57%, 0, 0, 3, 1319.08
1669697088, 0, 13, 404, 397, 153, 5.57%, 0, 0, 3, 1402.68
1669697093, 0, 13, 407, 400, 153, 5.58%, 0, 0, 3, 1429.79
1669697098, 0, 13, 410, 403, 153, 5.58%, 0, 0, 3, 1383.67
1669697103, 0, 18, 413, 405, 162, 5.62%, 0, 0, 3, 1440.89
1669697114, 0, 18, 420, 412, 162, 5.62%, 0, 0, 3, 1542.36
1669697119, 0, 18, 422, 414, 162, 5.66%, 0, 0, 3, 1506.35
1669697124, 0, 18, 424, 416, 162, 5.66%, 0, 0, 3, 1452.79
1669697134, 0, 23, 424, 415, 161, 5.66%, 0, 0, 3, 1247.05
1669697139, 0, 23, 425, 416, 161, 5.67%, 0, 0, 3, 985.42
1669697149, 0, 23, 426, 417, 161, 5.67%, 0, 0, 3, 1051.99
1669697179, 0, 23, 427, 418, 161, 5.67%, 0, 0, 3, 1146.40
1669697194, 0, 23, 428, 419, 161, 5.67%, 0, 0, 3, 1119.04
1669697200, 0, 26, 428, 418, 161, 5.67%, 0, 0, 3, 1117.53
1669697210, 0, 26, 429, 419, 161, 5.67%, 0, 0, 3, 1098.04
1669697260, 0, 28, 430, 419, 161, 5.67%, 0, 0, 3, 1332.32
1669697291, 0, 28, 433, 422, 161, 5.67%, 0, 0, 3, 1530.86
1669697296, 0, 28, 436, 425, 161, 5.67%, 0, 0, 3, 1533.36
1669697301, 0, 28, 438, 427, 161, 5.67%, 0, 0, 3, 1366.63
1669697311, 0, 29, 444, 432, 160, 5.69%, 0, 0, 3, 1231.41
1669697316, 0, 29, 446, 434, 160, 5.69%, 0, 0, 3, 1152.58
1669697321, 0, 29, 448, 436, 160, 5.70%, 0, 0, 3, 1187.45
1669697351, 0, 29, 449, 437, 160, 5.70%, 0, 0, 3, 1270.03
1669697357, 0, 29, 452, 440, 160, 5.72%, 0, 0, 3, 1244.97
1669697362, 0, 29, 457, 445, 160, 5.73%, 0, 0, 3, 1237.87
1669697367, 0, 30, 472, 459, 162, 5.82%, 0, 0, 3, 1109.07
1669697372, 0, 30, 473, 460, 162, 5.82%, 0, 0, 3, 1203.92
1669697382, 0, 30, 475, 462, 162, 5.83%, 0, 0, 3, 1207.13
1669697387, 0, 30, 476, 463, 162, 5.83%, 0, 0, 3, 1210.57
1669697408, 0, 30, 477, 464, 162, 5.83%, 0, 0, 3, 1220.30
1669697413, 0, 30, 478, 465, 162, 5.83%, 0, 0, 3, 1227.13
1669697418, 0, 30, 479, 466, 162, 5.83%, 0, 0, 3, 1206.95
1669697428, 0, 33, 481, 467, 167, 5.85%, 0, 0, 3, 1347.16
1669697433, 0, 33, 482, 468, 167, 5.85%, 0, 0, 3, 1493.59
1669697443, 0, 38, 484, 469, 165, 5.85%, 0, 0, 3, 1362.43
1669697453, 0, 38, 485, 470, 165, 5.85%, 0, 0, 3, 1196.26
1669697459, 0, 38, 486, 471, 165, 5.85%, 0, 0, 3, 1207.80
1669697489, 0, 38, 487, 472, 165, 5.85%, 0, 0, 3, 1212.94
1669697499, 0, 42, 487, 471, 165, 5.85%, 0, 0, 3, 1189.08
1669697560, 0, 44, 488, 471, 164, 5.85%, 0, 0, 3, 1233.89
1669697570, 0, 44, 489, 472, 164, 5.85%, 0, 0, 3, 1144.26
1669697575, 0, 44, 490, 473, 164, 5.85%, 0, 0, 3, 1095.33
1669697580, 0, 44, 491, 474, 164, 5.86%, 0, 0, 3, 1086.22
1669697621, 0, 44, 492, 475, 164, 5.86%, 0, 0, 3, 1151.95
1669697626, 0, 53, 497, 479, 165, 5.86%, 0, 0, 3, 1170.08
1669697641, 0, 53, 499, 481, 165, 5.86%, 0, 0, 3, 1284.32
1669697677, 0, 61, 500, 481, 165, 5.86%, 0, 0, 3, 1294.69
1669697682, 0, 61, 502, 483, 165, 5.86%, 0, 0, 3, 1262.92
1669697697, 0, 61, 507, 488, 165, 5.86%, 0, 0, 3, 1249.72
1669697733, 0, 61, 508, 489, 165, 5.86%, 0, 0, 3, 1283.58
1669697738, 0, 65, 510, 490, 165, 5.87%, 0, 0, 3, 1445.30
1669697743, 0, 65, 511, 491, 165, 5.87%, 0, 0, 3, 1560.48
1669697789, 0, 66, 515, 494, 166, 5.90%, 0, 0, 3, 1580.66
1669697824, 0, 67, 519, 497, 166, 5.90%, 0, 0, 3, 1374.46
1669697885, 0, 67, 521, 499, 166, 5.90%, 0, 0, 3, 1145.68
1669697890, 0, 67, 523, 501, 166, 5.90%, 0, 0, 3, 1373.36
1669697895, 0, 70, 525, 502, 166, 5.90%, 0, 0, 3, 1313.78
1669697951, 0, 79, 526, 502, 166, 5.91%, 0, 0, 3, 1384.77
1669697956, 0, 79, 528, 504, 166, 5.91%, 0, 0, 3, 1409.46
1669697961, 0, 79, 529, 505, 166, 5.91%, 0, 0, 3, 1484.89
1669697966, 0, 79, 530, 506, 166, 5.92%, 0, 0, 3, 1506.76
1669698006, 0, 80, 531, 506, 168, 5.92%, 0, 0, 3, 1299.60
1669698011, 0, 80, 532, 507, 168, 5.92%, 0, 0, 3, 1109.88
1669698067, 0, 80, 533, 508, 168, 5.92%, 0, 0, 3, 1226.95
1669698072, 0, 99, 533, 507, 167, 5.92%, 0, 0, 3, 1160.75
1669698082, 0, 99, 534, 508, 167, 5.92%, 0, 0, 3, 1258.49
1669698122, 0, 99, 535, 509, 167, 5.92%, 0, 0, 3, 1315.22
1669698127, 0, 103, 535, 508, 166, 5.92%, 0, 0, 3, 1358.27
1669698132, 0, 103, 536, 509, 166, 5.92%, 0, 0, 3, 1477.83
1669698178, 0, 104, 536, 508, 166, 5.92%, 0, 0, 3, 1512.28
1669698213, 0, 108, 538, 509, 165, 5.92%, 0, 0, 3, 1243.17
1669698269, 0, 113, 539, 509, 165, 5.92%, 0, 0, 3, 1307.66
1669698284, 0, 113, 540, 510, 165, 5.92%, 0, 0, 3, 1288.94
1669698315, 0, 113, 541, 511, 165, 5.92%, 0, 0, 3, 1305.13
1669698330, 0, 117, 543, 512, 166, 5.93%, 0, 0, 3, 1486.14
1669698335, 0, 117, 546, 515, 166, 5.93%, 0, 0, 3, 1295.64
1669698380, 0, 117, 547, 516, 166, 5.93%, 0, 0, 3, 1310.06
1669698390, 0, 117, 548, 517, 166, 5.93%, 0, 0, 3, 1310.11
1669698396, 0, 117, 551, 520, 166, 5.95%, 0, 0, 3, 1510.59
1669698401, 0, 117, 554, 523, 166, 5.96%, 0, 0, 3, 1561.05
1669698406, 0, 117, 555, 524, 166, 5.96%, 0, 0, 3, 1567.08
1669698411, 0, 118, 555, 523, 172, 5.96%, 0, 0, 3, 1430.51
1669698416, 0, 118, 556, 524, 172, 5.96%, 0, 0, 3, 1384.26
1669698436, 0, 123, 559, 526, 173, 5.96%, 0, 0, 3, 1312.18
1669698487, 0, 128, 559, 525, 173, 5.96%, 0, 0, 3, 1377.84
1669698502, 0, 128, 560, 526, 173, 5.96%, 0, 0, 3, 1276.74
1669698548, 0, 129, 560, 525, 173, 5.96%, 0, 0, 3, 1392.15
1669698599, 0, 130, 561, 525, 172, 5.96%, 0, 0, 3, 1433.79
1669698604, 0, 130, 562, 526, 172, 5.96%, 0, 0, 3, 1353.78
1669698655, 0, 132, 564, 527, 171, 5.99%, 0, 0, 3, 1606.72
1669698700, 0, 140, 564, 526, 172, 5.99%, 0, 0, 3, 1661.82
1669698706, 0, 140, 567, 529, 172, 5.99%, 0, 0, 3, 1666.97
1669698716, 0, 140, 568, 530, 172, 5.99%, 0, 0, 3, 1567.46
1669698751, 0, 141, 568, 529, 171, 5.99%, 0, 0, 3, 1668.35
1669698756, 0, 144, 569, 529, 171, 5.99%, 0, 0, 3, 36.61
1669698812, 0, 145, 570, 529, 170, 5.99%, 0, 0, 3, 1413.34
1669698817, 0, 145, 571, 530, 170, 5.99%, 0, 0, 3, 1373.95
1669698862, 0, 145, 572, 531, 170, 5.99%, 0, 0, 3, 1455.25
1669698867, 0, 149, 579, 537, 171, 6.00%, 0, 0, 3, 1344.57
1669698872, 0, 149, 582, 540, 171, 6.00%, 0, 0, 3, 1342.64
1669698877, 0, 149, 583, 541, 171, 6.01%, 0, 0, 3, 1280.74
1669698882, 0, 149, 584, 542, 171, 6.01%, 0, 0, 3, 1312.96
1669698903, 0, 149, 585, 543, 171, 6.01%, 0, 0, 3, 1342.32
1669698918, 0, 149, 587, 545, 171, 6.02%, 0, 0, 3, 1443.33
1669698923, 0, 149, 589, 547, 171, 6.02%, 0, 0, 3, 1575.93
1669698928, 0, 149, 591, 549, 171, 6.02%, 0, 0, 3, 1608.51
1669698933, 0, 151, 594, 551, 175, 6.02%, 0, 0, 3, 1495.79
1669698938, 0, 151, 595, 552, 175, 6.02%, 0, 0, 3, 1396.93
1669698994, 0, 156, 595, 551, 177, 6.02%, 0, 0, 3, 1371.34
1669699004, 0, 156, 598, 554, 177, 6.04%, 0, 0, 3, 1264.75
1669699045, 0, 156, 601, 557, 177, 6.04%, 0, 0, 3, 1259.74
1669699060, 0, 163, 605, 560, 179, 6.09%, 0, 0, 3, 1344.12
1669699065, 0, 163, 606, 561, 179, 6.09%, 0, 0, 3, 1333.41
1669699070, 0, 163, 608, 563, 179, 6.10%, 0, 0, 3, 1306.17
1669699096, 0, 163, 609, 564, 179, 6.10%, 0, 0, 3, 1373.35
1669699106, 0, 163, 613, 568, 179, 6.10%, 0, 0, 3, 1341.56
1669699111, 0, 165, 617, 571, 180, 6.11%, 0, 0, 3, 1409.03
1669699116, 0, 165, 618, 572, 180, 6.11%, 0, 0, 3, 1360.78
1669699167, 0, 168, 620, 573, 180, 6.11%, 0, 0, 3, 1365.50
1669699177, 0, 168, 621, 574, 180, 6.11%, 0, 0, 3, 1352.68
1669699223, 0, 169, 623, 575, 181, 6.12%, 0, 0, 3, 1375.08
1669699274, 0, 169, 624, 576, 181, 6.12%, 0, 0, 3, 1440.13
1669699279, 0, 170, 627, 578, 181, 6.15%, 0, 0, 3, 1593.26
1669699289, 0, 170, 628, 579, 181, 6.15%, 0, 0, 3, 1699.82
1669699324, 0, 173, 629, 579, 182, 6.15%, 0, 0, 3, 1647.90
1669699329, 0, 173, 630, 580, 182, 6.16%, 0, 0, 3, 1670.59
1669699375, 0, 175, 631, 580, 183, 6.16%, 0, 0, 3, 1648.19
1669699427, 0, 183, 631, 579, 183, 6.16%, 0, 0, 3, 1640.85
1669699477, 0, 187, 631, 578, 183, 6.16%, 0, 0, 3, 1675.88
1669699498, 0, 191, 632, 578, 183, 6.16%, 0, 0, 3, 1688.29
1669699553, 0, 194, 641, 586, 182, 6.20%, 0, 0, 3, 1414.65
1669699558, 0, 194, 642, 587, 182, 6.21%, 0, 0, 3, 1393.94
1669699563, 0, 194, 643, 588, 182, 6.21%, 0, 0, 3, 1378.70
1669699579, 0, 196, 643, 587, 186, 6.21%, 0, 0, 3, 1354.42
1669699589, 0, 196, 644, 588, 186, 6.21%, 0, 0, 3, 1342.31
1669699629, 0, 199, 645, 588, 185, 6.21%, 0, 0, 3, 1485.49
1669699670, 0, 200, 646, 588, 185, 6.21%, 0, 0, 3, 1392.06
1669699675, 0, 200, 647, 589, 185, 6.21%, 0, 0, 3, 1377.06
1669699680, 0, 200, 649, 591, 185, 6.24%, 0, 0, 3, 1325.32
1669699710, 0, 200, 650, 592, 185, 6.24%, 0, 0, 3, 1380.72
1669699715, 0, 200, 652, 594, 185, 6.24%, 0, 0, 3, 1352.97
1669699721, 0, 216, 652, 593, 187, 6.24%, 0, 0, 3, 1522.86
1669699736, 0, 217, 652, 592, 186, 6.24%, 0, 0, 3, 1731.45
1669699746, 0, 218, 652, 591, 185, 6.24%, 0, 0, 3, 1745.52
1669699756, 0, 224, 652, 590, 184, 6.24%, 0, 0, 3, 1712.26
1669699766, 0, 233, 655, 592, 183, 6.25%, 0, 0, 3, 1738.62
1669699776, 0, 236, 656, 592, 185, 6.25%, 0, 0, 3, 1758.58
1669699786, 0, 238, 656, 591, 184, 6.25%, 0, 0, 3, 1549.66
1669699796, 0, 251, 657, 591, 183, 6.25%, 0, 0, 3, 1571.74
1669699827, 0, 256, 657, 590, 182, 6.25%, 0, 0, 3, 1736.15
1669699832, 0, 260, 658, 590, 181, 6.25%, 0, 0, 3, 1455.78
1669699878, 0, 260, 660, 592, 181, 6.25%, 0, 0, 3, 1330.85
1669699883, 0, 264, 660, 591, 181, 6.25%, 0, 0, 3, 1401.75
1669699888, 0, 264, 661, 592, 181, 6.26%, 0, 0, 3, 1355.35
1669699898, 0, 264, 662, 593, 181, 6.26%, 0, 0, 3, 1344.92
1669699903, 0, 264, 663, 594, 181, 6.26%, 0, 0, 3, 1415.19
1669699943, 0, 266, 664, 594, 183, 6.26%, 0, 0, 3, 1447.40
1669699948, 0, 269, 665, 594, 182, 6.26%, 0, 0, 3, 1295.68
1669700014, 0, 272, 669, 597, 182, 6.26%, 0, 0, 3, 1527.39
1669700019, 0, 272, 670, 598, 182, 6.26%, 0, 0, 3, 1653.06
1669700024, 0, 275, 673, 600, 185, 6.30%, 0, 0, 3, 1659.58
1669700065, 0, 279, 674, 600, 184, 6.30%, 0, 0, 3, 1617.67
1669700095, 0, 285, 675, 600, 184, 6.30%, 0, 0, 3, 1751.11
1669700126, 0, 285, 676, 601, 184, 6.30%, 0, 0, 3, 1792.80
1669700141, 0, 297, 678, 602, 185, 6.31%, 0, 0, 3, 1537.72
1669700193, 0, 297, 679, 603, 185, 6.31%, 0, 0, 3, 1100.30
1669700203, 0, 297, 681, 605, 185, 6.40%, 0, 0, 3, 1244.99
1669700213, 0, 299, 681, 604, 187, 6.40%, 0, 0, 3, 1505.31
1669700233, 0, 300, 682, 604, 186, 6.40%, 0, 0, 3, 1431.61
1669700238, 0, 300, 683, 605, 186, 6.40%, 0, 0, 3, 1399.21
1669700243, 0, 300, 684, 606, 186, 6.40%, 0, 0, 3, 1402.62
1669700274, 0, 302, 685, 606, 186, 6.40%, 0, 0, 3, 1439.16
1669700329, 0, 302, 687, 608, 186, 6.41%, 0, 0, 3, 1226.64
1669700340, 0, 304, 687, 607, 186, 6.41%, 0, 0, 3, 1591.47
1669700350, 0, 305, 687, 606, 185, 6.41%, 0, 0, 3, 1661.08
1669700355, 0, 305, 688, 607, 185, 6.41%, 0, 0, 3, 1651.97
1669700375, 0, 305, 689, 608, 185, 6.41%, 0, 0, 3, 1661.21
1669700380, 0, 310, 699, 617, 185, 6.42%, 0, 0, 3, 1441.41
1669700385, 0, 310, 700, 618, 185, 6.42%, 0, 0, 3, 1342.60
1669700405, 0, 310, 701, 619, 185, 6.42%, 0, 0, 3, 1361.57
1669700410, 0, 310, 702, 620, 185, 6.42%, 0, 0, 3, 1323.91
1669700415, 0, 312, 705, 622, 190, 6.43%, 0, 0, 3, 1341.17
1669700420, 0, 312, 706, 623, 190, 6.43%, 0, 0, 3, 1341.11
1669700476, 0, 316, 706, 622, 191, 6.43%, 0, 0, 3, 1410.18
1669700481, 0, 316, 707, 623, 191, 6.43%, 0, 0, 3, 1318.54
