# relative_time, cycles_done, cur_item, corpus_count, pending_total, pending_favs, map_size, saved_crashes, saved_hangs, max_depth, execs_per_sec, total_execs, edges_found
61, 0, 0, 464, 464, 1, 0.04%, 0, 0, 2, 225.31, 12482, 3430
66, 0, 0, 478, 478, 1, 0.04%, 0, 0, 2, 228.65, 13660, 3432
71, 0, 0, 495, 495, 1, 0.04%, 0, 0, 2, 226.02, 14799, 3444
76, 0, 0, 503, 503, 1, 0.04%, 0, 0, 2, 229.34, 15987, 3446
81, 0, 0, 517, 517, 1, 0.04%, 0, 0, 2, 228.01, 17157, 3450
87, 0, 0, 519, 519, 1, 0.04%, 0, 0, 2, 226.19, 18339, 3450
92, 0, 0, 523, 523, 1, 0.04%, 0, 0, 2, 230.86, 19531, 3450
97, 0, 0, 531, 531, 1, 0.04%, 0, 0, 2, 227.78, 20683, 3475
102, 0, 0, 536, 536, 1, 0.04%, 0, 0, 2, 234.59, 21870, 3477
107, 0, 0, 546, 546, 1, 0.04%, 0, 0, 2, 229.35, 23020, 3477
112, 0, 0, 555, 555, 1, 0.04%, 0, 0, 2, 231.57, 24179, 3478
117, 0, 0, 561, 561, 1, 0.04%, 0, 0, 2, 232.32, 25349, 3478
122, 0, 0, 568, 568, 1, 0.04%, 0, 0, 2, 233.12, 26522, 3491
127, 0, 0, 576, 576, 1, 0.04%, 0, 0, 2, 231.40, 27722, 3492
132, 0, 0, 581, 581, 1, 0.04%, 0, 0, 2, 230.42, 28885, 3492
137, 0, 0, 587, 587, 1, 0.04%, 0, 0, 2, 230.16, 30043, 3517
142, 0, 0, 590, 590, 1, 0.04%, 0, 0, 2, 235.99, 31232, 3519
147, 0, 0, 595, 595, 1, 0.04%, 0, 0, 2, 233.52, 32427, 3519
152, 0, 0, 600, 600, 1, 0.04%, 0, 0, 2, 232.16, 33590, 3522
157, 0, 0, 608, 608, 1, 0.04%, 0, 0, 2, 230.90, 34758, 3526
163, 0, 0, 612, 612, 1, 0.04%, 0, 0, 2, 233.28, 35970, 3527
168, 0, 0, 620, 620, 1, 0.04%, 0, 0, 2, 229.80, 37166, 3528
173, 0, 0, 638, 638, 1, 0.04%, 0, 0, 2, 224.33, 38308, 3532
178, 0, 0, 655, 655, 1, 0.04%, 0, 0, 2, 217.01, 39427, 3533
183, 0, 0, 664, 664, 1, 0.04%, 0, 0, 2, 217.58, 40538, 3536
188, 0, 0, 677, 677, 1, 0.04%, 0, 0, 2, 220.85, 41670, 3556
193, 0, 0, 689, 689, 1, 0.04%, 0, 0, 2, 222.48, 42789, 3557
198, 0, 0, 695, 695, 1, 0.04%, 0, 0, 2, 220.00, 43915, 3558
203, 0, 0, 701, 701, 1, 0.04%, 0, 0, 2, 218.68, 45033, 3564
209, 0, 0, 706, 706, 1, 0.04%, 0, 0, 2, 219.40, 46140, 3564
214, 0, 150, 712, 711, 174, 0.04%, 0, 0, 3, 227.25, 47298, 3566
219, 0, 287, 715, 713, 174, 0.04%, 0, 0, 3, 226.00, 48440, 3572
224, 0, 287, 718, 716, 174, 0.04%, 0, 0, 3, 230.86, 49625, 3573
229, 0, 287, 722, 720, 174, 0.04%, 0, 0, 3, 225.76, 50757, 3578
234, 0, 287, 728, 726, 174, 0.04%, 0, 0, 3, 223.95, 51879, 3579
239, 0, 287, 734, 732, 174, 0.04%, 0, 0, 3, 221.87, 53037, 3593
244, 0, 287, 737, 735, 174, 0.04%, 0, 0, 3, 221.69, 54158, 3594
249, 0, 287, 739, 737, 174, 0.04%, 0, 0, 3, 227.32, 55296, 3599
254, 0, 287, 742, 740, 174, 0.04%, 0, 0, 3, 224.93, 56437, 3605
259, 0, 287, 744, 742, 174, 0.04%, 0, 0, 3, 231.24, 57623, 3609
265, 0, 287, 747, 745, 174, 0.04%, 0, 0, 3, 230.16, 58788, 3655
270, 0, 287, 753, 751, 174, 0.04%, 0, 0, 3, 233.26, 59966, 3656
275, 0, 287, 754, 752, 174, 0.04%, 0, 0, 3, 234.51, 61149, 3656
280, 0, 287, 756, 754, 174, 0.04%, 0, 0, 3, 234.56, 62367, 3656
285, 0, 287, 757, 755, 174, 0.04%, 0, 0, 3, 234.03, 63542, 3677
290, 0, 287, 760, 758, 174, 0.04%, 0, 0, 3, 238.04, 64759, 3718
295, 0, 287, 763, 761, 174, 0.04%, 0, 0, 3, 234.48, 65980, 3724
300, 0, 287, 764, 762, 174, 0.04%, 0, 0, 3, 238.05, 67183, 3724
305, 0, 287, 765, 763, 174, 0.04%, 0, 0, 3, 238.85, 68410, 3725
310, 0, 287, 767, 765, 174, 0.04%, 0, 0, 3, 239.40, 69612, 3726
315, 0, 287, 773, 771, 174, 0.04%, 0, 0, 3, 237.74, 70826, 3728
320, 0, 287, 775, 773, 174, 0.04%, 0, 0, 3, 238.66, 72032, 3750
326, 0, 287, 778, 776, 174, 0.04%, 0, 0, 3, 238.59, 73245, 3750
331, 0, 287, 779, 777, 174, 0.04%, 0, 0, 3, 238.12, 74448, 3750
336, 0, 287, 781, 779, 174, 0.04%, 0, 0, 3, 238.07, 75646, 3750
341, 0, 287, 781, 779, 174, 0.04%, 0, 0, 3, 240.00, 76854, 3750
346, 0, 287, 783, 781, 174, 0.04%, 0, 0, 3, 240.58, 78060, 3750
351, 0, 287, 785, 783, 174, 0.04%, 0, 0, 3, 239.99, 79270, 3750
356, 0, 287, 786, 784, 174, 0.04%, 0, 0, 3, 236.74, 80461, 3751
361, 0, 287, 797, 795, 174, 0.04%, 0, 0, 3, 229.52, 81602, 3751
366, 0, 287, 805, 803, 174, 0.04%, 0, 0, 3, 230.27, 82782, 3751
371, 0, 287, 812, 810, 174, 0.04%, 0, 0, 3, 228.93, 83963, 3751
376, 0, 287, 816, 814, 174, 0.04%, 0, 0, 3, 231.60, 85151, 3751
381, 0, 287, 823, 821, 174, 0.04%, 0, 0, 3, 218.40, 86224, 3751
386, 0, 287, 827, 825, 174, 0.04%, 0, 0, 3, 227.95, 87372, 3751
391, 0, 287, 831, 829, 174, 0.04%, 0, 0, 3, 232.52, 88580, 3751
397, 0, 287, 838, 836, 174, 0.04%, 0, 0, 3, 230.14, 89769, 3751
402, 0, 516, 848, 845, 189, 0.04%, 0, 0, 3, 219.72, 90859, 3753
407, 0, 516, 849, 846, 189, 0.04%, 0, 0, 3, 219.98, 91974, 3753
412, 0, 516, 852, 849, 189, 0.04%, 0, 0, 3, 224.74, 93143, 3753
417, 0, 516, 855, 852, 189, 0.04%, 0, 0, 3, 233.42, 94360, 3753
422, 0, 516, 857, 854, 189, 0.04%, 0, 0, 3, 232.37, 95574, 3753
427, 0, 516, 860, 857, 189, 0.04%, 0, 0, 3, 236.15, 96799, 3753
432, 0, 516, 863, 860, 189, 0.04%, 0, 0, 3, 232.94, 97968, 3754
437, 0, 516, 867, 864, 189, 0.04%, 0, 0, 3, 233.45, 99148, 3754
442, 0, 516, 867, 864, 189, 0.04%, 0, 0, 3, 238.84, 100360, 3754
448, 0, 516, 869, 866, 189, 0.04%, 0, 0, 3, 237.61, 101590, 3754
453, 0, 516, 870, 867, 189, 0.04%, 0, 0, 3, 238.28, 102801, 3754
458, 0, 516, 873, 870, 189, 0.04%, 0, 0, 3, 235.28, 103974, 3754
463, 0, 516, 875, 872, 189, 0.04%, 0, 0, 3, 235.69, 105160, 3755
468, 0, 516, 876, 873, 189, 0.04%, 0, 0, 3, 237.97, 106399, 3755
473, 0, 516, 876, 873, 189, 0.04%, 0, 0, 3, 239.45, 107607, 3755
478, 0, 516, 877, 874, 189, 0.04%, 0, 0, 3, 238.19, 108830, 3755
483, 0, 516, 878, 875, 189, 0.04%, 0, 0, 3, 237.50, 110021, 3755
488, 0, 516, 880, 877, 189, 0.04%, 0, 0, 3, 237.74, 111215, 3755
493, 0, 516, 880, 877, 189, 0.04%, 0, 0, 3, 235.79, 112435, 3755
498, 0, 516, 882, 879, 189, 0.04%, 0, 0, 3, 237.60, 113637, 3755
503, 0, 516, 887, 884, 189, 0.04%, 0, 0, 3, 237.98, 114840, 3755
509, 0, 516, 887, 884, 189, 0.04%, 0, 0, 3, 238.45, 116036, 3755
514, 0, 516, 889, 886, 189, 0.04%, 0, 0, 3, 238.25, 117238, 3755
519, 0, 516, 893, 890, 189, 0.04%, 0, 0, 3, 233.33, 118450, 3755
524, 0, 516, 894, 891, 189, 0.04%, 0, 0, 3, 238.24, 119693, 3756
529, 0, 516, 895, 892, 189, 0.04%, 0, 0, 3, 236.09, 120880, 3756
534, 0, 516, 895, 892, 189, 0.04%, 0, 0, 3, 238.69, 122112, 3756
539, 0, 516, 900, 897, 189, 0.04%, 0, 0, 3, 234.94, 123287, 3758
544, 0, 774, 902, 898, 190, 0.04%, 0, 0, 4, 238.09, 124471, 3758
549, 0, 901, 920, 915, 190, 0.04%, 0, 0, 5, 229.29, 125614, 3771
554, 0, 901, 926, 921, 190, 0.04%, 0, 0, 5, 231.69, 126780, 3774
559, 0, 901, 932, 927, 190, 0.05%, 0, 0, 5, 236.00, 127974, 3777
564, 0, 901, 935, 930, 190, 0.05%, 0, 0, 5, 235.08, 129167, 3777
569, 0, 901, 936, 931, 190, 0.05%, 0, 0, 5, 240.85, 130386, 3777
574, 0, 901, 938, 933, 190, 0.05%, 0, 0, 5, 243.86, 131652, 3777
579, 0, 901, 939, 934, 190, 0.05%, 0, 0, 5, 245.11, 132887, 3786
585, 0, 901, 941, 936, 190, 0.05%, 0, 0, 5, 246.12, 134109, 3792
590, 0, 901, 942, 937, 190, 0.05%, 0, 0, 5, 247.30, 135392, 3794
595, 0, 901, 943, 938, 190, 0.05%, 0, 0, 5, 246.85, 136671, 3794
600, 0, 901, 945, 940, 190, 0.05%, 0, 0, 5, 242.28, 137925, 3801
605, 0, 901, 945, 940, 190, 0.05%, 0, 0, 5, 248.29, 139213, 3801
610, 0, 901, 945, 940, 190, 0.05%, 0, 0, 5, 250.65, 140516, 3801
615, 0, 901, 945, 940, 190, 0.05%, 0, 0, 5, 247.95, 141749, 3801
620, 0, 901, 947, 942, 190, 0.05%, 0, 0, 5, 246.09, 142991, 3801
626, 0, 901, 947, 942, 190, 0.05%, 0, 0, 5, 247.49, 144283, 3801
631, 0, 901, 947, 942, 190, 0.05%, 0, 0, 5, 249.84, 145583, 3801
636, 0, 901, 947, 942, 190, 0.05%, 0, 0, 5, 249.14, 146875, 3801
641, 0, 901, 947, 942, 190, 0.05%, 0, 0, 5, 245.23, 148099, 3801
646, 0, 901, 947, 942, 190, 0.05%, 0, 0, 5, 248.62, 149395, 3801
651, 0, 901, 948, 943, 190, 0.05%, 0, 0, 5, 249.80, 150646, 3801
656, 0, 901, 948, 943, 190, 0.05%, 0, 0, 5, 248.62, 151894, 3801
662, 0, 901, 948, 943, 190, 0.05%, 0, 0, 5, 247.86, 153182, 3801
667, 0, 901, 948, 943, 190, 0.05%, 0, 0, 5, 247.05, 154422, 3801
672, 0, 901, 948, 943, 190, 0.05%, 0, 0, 5, 247.59, 155666, 3801
677, 0, 901, 949, 944, 190, 0.05%, 0, 0, 5, 248.67, 156953, 3801
682, 0, 901, 950, 945, 190, 0.05%, 0, 0, 5, 246.91, 158196, 3801
687, 0, 71, 953, 947, 200, 0.05%, 0, 0, 5, 233.56, 159363, 3804
692, 0, 526, 957, 950, 199, 0.05%, 0, 0, 5, 232.45, 160527, 4074
697, 0, 526, 961, 954, 199, 0.05%, 0, 0, 5, 233.45, 161703, 4075
702, 0, 526, 961, 954, 199, 0.05%, 0, 0, 5, 235.35, 162895, 4075
707, 0, 526, 961, 954, 199, 0.05%, 0, 0, 5, 237.00, 164087, 4075
712, 0, 526, 963, 956, 199, 0.05%, 0, 0, 5, 234.43, 165313, 4086
717, 0, 526, 965, 958, 199, 0.05%, 0, 0, 5, 233.99, 166523, 4086
722, 0, 526, 967, 960, 199, 0.05%, 0, 0, 5, 236.15, 167733, 4086
728, 0, 526, 971, 964, 199, 0.05%, 0, 0, 5, 234.14, 168945, 4090
733, 0, 526, 972, 965, 199, 0.05%, 0, 0, 5, 236.19, 170176, 4090
738, 0, 526, 972, 965, 199, 0.05%, 0, 0, 5, 237.38, 171376, 4090
743, 0, 526, 973, 966, 199, 0.05%, 0, 0, 5, 237.81, 172563, 4090
748, 0, 526, 975, 968, 199, 0.05%, 0, 0, 5, 235.37, 173769, 4090
753, 0, 526, 977, 970, 199, 0.05%, 0, 0, 5, 235.57, 174951, 4091
758, 0, 526, 979, 972, 199, 0.05%, 0, 0, 5, 236.63, 176165, 4120
763, 0, 526, 980, 973, 199, 0.05%, 0, 0, 5, 234.54, 177380, 4121
768, 0, 526, 981, 974, 199, 0.05%, 0, 0, 5, 237.55, 178607, 4121
774, 0, 526, 981, 974, 199, 0.05%, 0, 0, 5, 236.08, 179819, 4121
779, 0, 526, 982, 975, 199, 0.05%, 0, 0, 5, 235.16, 181034, 4121
784, 0, 526, 984, 977, 199, 0.05%, 0, 0, 5, 236.24, 182256, 4122
789, 0, 526, 987, 980, 199, 0.05%, 0, 0, 5, 236.53, 183485, 4122
794, 0, 526, 987, 980, 199, 0.05%, 0, 0, 5, 237.93, 184713, 4122
799, 0, 526, 988, 981, 199, 0.05%, 0, 0, 5, 238.35, 185904, 4161
804, 0, 526, 989, 982, 199, 0.05%, 0, 0, 5, 237.33, 187131, 4161
809, 0, 526, 989, 982, 199, 0.05%, 0, 0, 5, 239.37, 188327, 4161
815, 0, 526, 989, 982, 199, 0.05%, 0, 0, 5, 231.64, 189535, 4161
820, 0, 526, 991, 984, 199, 0.05%, 0, 0, 5, 232.62, 190729, 4165
825, 0, 526, 993, 986, 199, 0.05%, 0, 0, 5, 220.63, 191829, 4185
830, 0, 526, 994, 987, 199, 0.05%, 0, 0, 5, 228.92, 193022, 4185
835, 0, 526, 1007, 1000, 199, 0.05%, 0, 0, 5, 217.97, 194101, 4185
840, 0, 526, 1009, 1002, 199, 0.05%, 0, 0, 5, 221.81, 195255, 4185
845, 0, 526, 1012, 1005, 199, 0.05%, 0, 0, 5, 223.23, 196376, 4189
850, 0, 241, 1014, 1006, 209, 0.05%, 0, 0, 5, 211.78, 197462, 4217
855, 0, 241, 1018, 1010, 209, 0.05%, 0, 0, 5, 214.10, 198524, 4217
860, 0, 241, 1020, 1012, 209, 0.05%, 0, 0, 5, 227.25, 199706, 4218
866, 0, 241, 1021, 1013, 209, 0.05%, 0, 0, 5, 228.93, 200897, 4218
871, 0, 241, 1024, 1016, 209, 0.05%, 0, 0, 5, 230.91, 202082, 4218
876, 0, 241, 1030, 1022, 209, 0.05%, 0, 0, 5, 229.42, 203272, 4219
881, 0, 241, 1031, 1023, 209, 0.05%, 0, 0, 5, 230.72, 204467, 4222
886, 0, 241, 1033, 1025, 209, 0.05%, 0, 0, 5, 227.31, 205637, 4223
891, 0, 241, 1033, 1025, 209, 0.05%, 0, 0, 5, 231.61, 206837, 4223
897, 0, 241, 1035, 1027, 209, 0.05%, 0, 0, 5, 232.70, 208031, 4223
902, 0, 241, 1035, 1027, 209, 0.05%, 0, 0, 5, 235.74, 209247, 4223
907, 0, 241, 1036, 1028, 209, 0.05%, 0, 0, 5, 235.55, 210466, 4237
912, 0, 241, 1037, 1029, 209, 0.05%, 0, 0, 5, 231.99, 211669, 4238
917, 0, 241, 1038, 1030, 209, 0.05%, 0, 0, 5, 235.27, 212900, 4238
922, 0, 241, 1039, 1031, 209, 0.05%, 0, 0, 5, 237.09, 214127, 4238
927, 0, 241, 1040, 1032, 209, 0.05%, 0, 0, 5, 233.64, 215330, 4238
933, 0, 241, 1041, 1033, 209, 0.05%, 0, 0, 5, 233.63, 216541, 4238
938, 0, 241, 1043, 1035, 209, 0.05%, 0, 0, 5, 231.43, 217755, 4238
943, 0, 241, 1044, 1036, 209, 0.05%, 0, 0, 5, 234.46, 218982, 4238
948, 0, 241, 1046, 1038, 209, 0.05%, 0, 0, 5, 235.70, 220200, 4238
953, 0, 241, 1046, 1038, 209, 0.05%, 0, 0, 5, 238.17, 221392, 4238
958, 0, 241, 1046, 1038, 209, 0.05%, 0, 0, 5, 239.06, 222620, 4238
964, 0, 241, 1047, 1039, 209, 0.05%, 0, 0, 5, 237.67, 223843, 4238
969, 0, 241, 1047, 1039, 209, 0.05%, 0, 0, 5, 239.11, 225043, 4238
974, 0, 241, 1049, 1041, 209, 0.05%, 0, 0, 5, 237.84, 226257, 4238
979, 0, 241, 1052, 1044, 209, 0.05%, 0, 0, 5, 235.62, 227478, 4242
984, 0, 241, 1052, 1044, 209, 0.05%, 0, 0, 5, 235.65, 228686, 4242
989, 0, 241, 1054, 1046, 209, 0.05%, 0, 0, 5, 235.51, 229900, 4242
994, 0, 241, 1056, 1048, 209, 0.05%, 0, 0, 5, 234.02, 231102, 4246
1000, 0, 905, 1060, 1051, 208, 0.05%, 0, 0, 6, 239.80, 232339, 4246
1005, 0, 766, 1069, 1059, 207, 0.05%, 0, 0, 6, 233.00, 233520, 4254
1010, 0, 766, 1075, 1065, 207, 0.05%, 0, 0, 6, 237.08, 234710, 4259
1015, 0, 766, 1078, 1068, 207, 0.05%, 0, 0, 6, 237.55, 235919, 4262
1020, 0, 766, 1082, 1072, 207, 0.05%, 0, 0, 6, 241.18, 237135, 4264
1025, 0, 766, 1086, 1076, 207, 0.05%, 0, 0, 6, 240.45, 238351, 4264
1030, 0, 766, 1091, 1081, 207, 0.05%, 0, 0, 6, 240.21, 239566, 4267
1035, 0, 766, 1093, 1083, 207, 0.05%, 0, 0, 6, 240.18, 240784, 4268
1040, 0, 766, 1095, 1085, 207, 0.05%, 0, 0, 6, 241.67, 242014, 4269
1045, 0, 766, 1097, 1087, 207, 0.05%, 0, 0, 6, 237.44, 243200, 4271
1050, 0, 766, 1098, 1088, 207, 0.05%, 0, 0, 6, 240.72, 244419, 4271
1055, 0, 766, 1101, 1091, 207, 0.05%, 0, 0, 6, 238.62, 245608, 4275
1060, 0, 766, 1104, 1094, 207, 0.05%, 0, 0, 6, 241.90, 246829, 4276
1065, 0, 766, 1106, 1096, 207, 0.05%, 0, 0, 6, 241.19, 248043, 4276
1070, 0, 766, 1109, 1099, 207, 0.05%, 0, 0, 6, 236.92, 249244, 4279
1075, 0, 766, 1109, 1099, 207, 0.05%, 0, 0, 6, 236.02, 250432, 4279
1080, 0, 766, 1110, 1100, 207, 0.05%, 0, 0, 6, 239.63, 251639, 4279
1085, 0, 766, 1111, 1101, 207, 0.05%, 0, 0, 6, 240.23, 252854, 4281
1090, 0, 766, 1111, 1101, 207, 0.05%, 0, 0, 6, 243.62, 254086, 4281
1096, 0, 766, 1113, 1103, 207, 0.05%, 0, 0, 6, 240.51, 255296, 4281
1101, 0, 766, 1114, 1104, 207, 0.05%, 0, 0, 6, 241.47, 256511, 4281
1106, 0, 766, 1116, 1106, 207, 0.05%, 0, 0, 6, 243.48, 257737, 4284
1111, 0, 766, 1118, 1108, 207, 0.05%, 0, 0, 6, 241.88, 258951, 4291
1116, 0, 766, 1118, 1108, 207, 0.05%, 0, 0, 6, 244.82, 260199, 4291
1121, 0, 766, 1119, 1109, 207, 0.05%, 0, 0, 6, 242.76, 261422, 4293
1126, 0, 766, 1119, 1109, 207, 0.05%, 0, 0, 6, 244.41, 262650, 4293
1131, 0, 766, 1119, 1109, 207, 0.05%, 0, 0, 6, 241.33, 263898, 4293
1136, 0, 766, 1120, 1110, 207, 0.05%, 0, 0, 6, 243.93, 265133, 4293
1141, 0, 766, 1123, 1113, 207, 0.05%, 0, 0, 6, 238.84, 266374, 4293
1146, 0, 1075, 1127, 1116, 223, 0.05%, 0, 0, 6, 231.69, 267555, 4293
1152, 0, 1075, 1128, 1117, 223, 0.05%, 0, 0, 6, 232.31, 268750, 4293
1157, 0, 1075, 1131, 1120, 223, 0.05%, 0, 0, 6, 231.59, 269939, 4293
1162, 0, 1075, 1132, 1121, 223, 0.05%, 0, 0, 6, 230.83, 271126, 4293
1167, 0, 1075, 1136, 1125, 223, 0.05%, 0, 0, 6, 229.59, 272318, 4294
1172, 0, 1075, 1144, 1133, 223, 0.05%, 0, 0, 6, 231.22, 273474, 4296
1177, 0, 1075, 1145, 1134, 223, 0.05%, 0, 0, 6, 232.43, 274661, 4296
1182, 0, 1075, 1146, 1135, 223, 0.05%, 0, 0, 6, 233.89, 275860, 4296
1187, 0, 970, 1152, 1140, 222, 0.05%, 0, 0, 6, 221.58, 277002, 4326
1193, 0, 970, 1169, 1157, 222, 0.05%, 0, 0, 6, 223.91, 278128, 4340
1198, 0, 970, 1179, 1167, 222, 0.05%, 0, 0, 6, 226.62, 279291, 4358
1203, 0, 970, 1186, 1174, 222, 0.05%, 0, 0, 6, 232.27, 280472, 4366
1208, 0, 970, 1187, 1175, 222, 0.05%, 0, 0, 6, 236.22, 281707, 4366
1213, 0, 970, 1191, 1179, 222, 0.05%, 0, 0, 6, 236.09, 282887, 4367
1218, 0, 970, 1191, 1179, 222, 0.05%, 0, 0, 6, 242.06, 284123, 4367
1223, 0, 970, 1192, 1180, 222, 0.05%, 0, 0, 6, 238.00, 285330, 4367
1228, 0, 970, 1192, 1180, 222, 0.05%, 0, 0, 6, 239.82, 286550, 4367
1233, 0, 970, 1192, 1180, 222, 0.05%, 0, 0, 6, 238.20, 287758, 4367
1238, 0, 970, 1192, 1180, 222, 0.05%, 0, 0, 6, 240.60, 288974, 4367
1243, 0, 970, 1193, 1181, 222, 0.05%, 0, 0, 6, 238.21, 290181, 4368
1248, 0, 970, 1194, 1182, 222, 0.05%, 0, 0, 6, 239.89, 291400, 4368
1253, 0, 970, 1196, 1184, 222, 0.05%, 0, 0, 6, 237.58, 292602, 4368
1258, 0, 970, 1197, 1185, 222, 0.05%, 0, 0, 6, 238.25, 293809, 4368
1263, 0, 970, 1198, 1186, 222, 0.05%, 0, 0, 6, 238.58, 295020, 4368
1269, 0, 970, 1198, 1186, 222, 0.05%, 0, 0, 6, 231.09, 296208, 4368
1274, 0, 970, 1198, 1186, 222, 0.05%, 0, 0, 6, 234.77, 297432, 4368
1279, 0, 970, 1198, 1186, 222, 0.05%, 0, 0, 6, 237.78, 298632, 4368
1284, 0, 970, 1200, 1188, 222, 0.05%, 0, 0, 6, 235.00, 299806, 4368
1289, 0, 970, 1200, 1188, 222, 0.05%, 0, 0, 6, 238.61, 301010, 4368
1294, 0, 970, 1201, 1189, 222, 0.05%, 0, 0, 6, 234.42, 302233, 4368
1299, 0, 970, 1202, 1190, 222, 0.05%, 0, 0, 6, 232.87, 303424, 4368
1304, 0, 970, 1205, 1193, 222, 0.05%, 0, 0, 6, 231.97, 304593, 4368
1309, 0, 970, 1205, 1193, 222, 0.05%, 0, 0, 6, 237.13, 305785, 4368
1315, 0, 970, 1205, 1193, 222, 0.05%, 0, 0, 6, 234.13, 306989, 4368
1320, 0, 970, 1205, 1193, 222, 0.05%, 0, 0, 6, 231.64, 308165, 4368
1325, 0, 970, 1205, 1193, 222, 0.05%, 0, 0, 6, 238.78, 309369, 4368
1330, 0, 877, 1205, 1192, 234, 0.05%, 0, 0, 6, 228.30, 310565, 4368
1335, 0, 877, 1208, 1195, 234, 0.05%, 0, 0, 6, 228.36, 311702, 4368
1340, 0, 877, 1210, 1197, 234, 0.05%, 0, 0, 6, 228.65, 312852, 4371
1345, 0, 877, 1211, 1198, 234, 0.05%, 0, 0, 6, 231.24, 314051, 4371
1350, 0, 877, 1212, 1199, 234, 0.05%, 0, 0, 6, 229.68, 315234, 4372
1355, 0, 877, 1215, 1202, 234, 0.05%, 0, 0, 6, 230.57, 316423, 4372
1361, 0, 877, 1217, 1204, 234, 0.05%, 0, 0, 6, 230.06, 317613, 4372
1366, 0, 877, 1219, 1206, 234, 0.05%, 0, 0, 6, 230.46, 318767, 4372
1371, 0, 877, 1221, 1208, 234, 0.05%, 0, 0, 6, 230.97, 319957, 4372
1376, 0, 877, 1221, 1208, 234, 0.05%, 0, 0, 6, 230.03, 321149, 4372
1381, 0, 877, 1226, 1213, 234, 0.05%, 0, 0, 6, 228.05, 322324, 4372
1386, 0, 877, 1227, 1214, 234, 0.05%, 0, 0, 6, 230.84, 323519, 4372
1392, 0, 877, 1229, 1216, 234, 0.05%, 0, 0, 6, 228.77, 324709, 4373
1397, 0, 877, 1231, 1218, 234, 0.05%, 0, 0, 6, 229.96, 325903, 4373
1402, 0, 877, 1231, 1218, 234, 0.05%, 0, 0, 6, 231.11, 327099, 4373
1407, 0, 877, 1232, 1219, 234, 0.05%, 0, 0, 6, 230.23, 328294, 4373
1412, 0, 877, 1232, 1219, 234, 0.05%, 0, 0, 6, 228.38, 329438, 4373
1417, 0, 877, 1232, 1219, 234, 0.05%, 0, 0, 6, 231.56, 330638, 4373
1422, 0, 877, 1233, 1220, 234, 0.05%, 0, 0, 6, 229.05, 331831, 4374
1428, 0, 877, 1234, 1221, 234, 0.05%, 0, 0, 6, 231.43, 333028, 4374
1433, 0, 877, 1234, 1221, 234, 0.05%, 0, 0, 6, 230.21, 334220, 4374
1438, 0, 877, 1237, 1224, 234, 0.05%, 0, 0, 6, 230.15, 335413, 4374
1443, 0, 877, 1238, 1225, 234, 0.05%, 0, 0, 6, 229.73, 336604, 4374
1448, 0, 877, 1238, 1225, 234, 0.05%, 0, 0, 6, 231.13, 337792, 4374
1453, 0, 877, 1238, 1225, 234, 0.05%, 0, 0, 6, 232.04, 338988, 4374
1459, 0, 877, 1240, 1227, 234, 0.05%, 0, 0, 6, 229.20, 340170, 4374
1464, 0, 877, 1242, 1229, 234, 0.05%, 0, 0, 6, 229.50, 341352, 4374
1469, 0, 877, 1244, 1231, 234, 0.05%, 0, 0, 6, 227.35, 342490, 4374
1474, 0, 877, 1244, 1231, 234, 0.05%, 0, 0, 6, 231.89, 343689, 4374
1479, 0, 877, 1257, 1244, 234, 0.05%, 0, 0, 6, 221.97, 344797, 4383
1484, 0, 877, 1264, 1251, 234, 0.05%, 0, 0, 6, 220.25, 345910, 4384
1489, 0, 877, 1269, 1256, 234, 0.05%, 0, 0, 6, 220.19, 347013, 4384
1494, 0, 877, 1273, 1260, 234, 0.05%, 0, 0, 6, 220.80, 348129, 4387
1499, 0, 1088, 1276, 1262, 235, 0.05%, 0, 0, 6, 225.68, 349244, 4387
1504, 0, 1088, 1277, 1263, 235, 0.05%, 0, 0, 6, 223.72, 350367, 4387
1509, 0, 1088, 1278, 1264, 235, 0.05%, 0, 0, 6, 230.70, 351542, 4395
1514, 0, 1088, 1278, 1264, 235, 0.05%, 0, 0, 6, 237.71, 352742, 4395
1519, 0, 1088, 1279, 1265, 235, 0.05%, 0, 0, 6, 236.68, 353957, 4395
1524, 0, 1088, 1279, 1265, 235, 0.05%, 0, 0, 6, 240.97, 355177, 4395
1529, 0, 1088, 1279, 1265, 235, 0.05%, 0, 0, 6, 241.54, 356389, 4395
1535, 0, 1088, 1280, 1266, 235, 0.05%, 0, 0, 6, 241.86, 357608, 4395
1540, 0, 1088, 1281, 1267, 235, 0.05%, 0, 0, 6, 240.74, 358823, 4395
1545, 0, 1088, 1281, 1267, 235, 0.05%, 0, 0, 6, 241.76, 360035, 4395
1550, 0, 1088, 1281, 1267, 235, 0.05%, 0, 0, 6, 230.89, 361203, 4395
1555, 0, 1088, 1281, 1267, 235, 0.05%, 0, 0, 6, 227.73, 362375, 4395
1560, 0, 1088, 1281, 1267, 235, 0.05%, 0, 0, 6, 227.65, 363555, 4395
1565, 0, 1088, 1282, 1268, 235, 0.05%, 0, 0, 6, 231.27, 364718, 4395
1570, 0, 1088, 1282, 1268, 235, 0.05%, 0, 0, 6, 233.78, 365914, 4395
1575, 0, 1088, 1283, 1269, 235, 0.05%, 0, 0, 6, 232.94, 367089, 4395
1580, 0, 1088, 1284, 1270, 235, 0.05%, 0, 0, 6, 232.18, 368289, 4395
1585, 0, 1088, 1285, 1271, 235, 0.05%, 0, 0, 6, 235.09, 369487, 4395
1590, 0, 1088, 1285, 1271, 235, 0.05%, 0, 0, 6, 235.27, 370691, 4395
1596, 0, 1088, 1285, 1271, 235, 0.05%, 0, 0, 6, 241.46, 371919, 4395
1601, 0, 1088, 1287, 1273, 235, 0.05%, 0, 0, 6, 242.07, 373145, 4395
1606, 0, 1088, 1287, 1273, 235, 0.05%, 0, 0, 6, 242.27, 374353, 4395
1611, 0, 1088, 1287, 1273, 235, 0.05%, 0, 0, 6, 243.91, 375581, 4395
1616, 0, 1088, 1287, 1273, 235, 0.05%, 0, 0, 6, 232.64, 376733, 4395
1621, 0, 1088, 1287, 1273, 235, 0.05%, 0, 0, 6, 231.56, 377921, 4395
1626, 0, 1088, 1287, 1273, 235, 0.05%, 0, 0, 6, 236.60, 379109, 4395
1631, 0, 1088, 1287, 1273, 235, 0.05%, 0, 0, 6, 237.87, 380309, 4395
1636, 0, 1088, 1287, 1273, 235, 0.05%, 0, 0, 6, 231.87, 381469, 4395
1641, 0, 1088, 1293, 1279, 235, 0.05%, 0, 0, 6, 230.08, 382631, 4395
1646, 0, 1088, 1296, 1282, 235, 0.05%, 0, 0, 6, 224.85, 383804, 4395
1651, 0, 1088, 1296, 1282, 235, 0.05%, 0, 0, 6, 231.06, 385004, 4395
1657, 0, 1088, 1298, 1284, 235, 0.05%, 0, 0, 6, 229.23, 386202, 4395
1662, 0, 785, 1309, 1294, 232, 0.05%, 0, 0, 6, 227.26, 387335, 4399
1667, 0, 785, 1313, 1298, 232, 0.05%, 0, 0, 6, 232.98, 388507, 4400
1672, 0, 785, 1315, 1300, 232, 0.05%, 0, 0, 6, 231.58, 389693, 4400
1677, 0, 785, 1315, 1300, 232, 0.05%, 0, 0, 6, 220.53, 390797, 4400
1682, 0, 785, 1331, 1316, 232, 0.05%, 0, 0, 6, 218.01, 391881, 4417
1687, 0, 785, 1334, 1319, 232, 0.05%, 0, 0, 6, 228.91, 393074, 4420
1692, 0, 785, 1338, 1323, 232, 0.05%, 0, 0, 6, 225.22, 394214, 4421
1697, 0, 785, 1340, 1325, 232, 0.05%, 0, 0, 6, 217.08, 395308, 4421
1702, 0, 1189, 1343, 1327, 244, 0.05%, 0, 0, 6, 219.79, 396393, 4421
1707, 0, 1189, 1348, 1332, 244, 0.05%, 0, 0, 6, 225.58, 397572, 4421
1712, 0, 1189, 1351, 1335, 244, 0.05%, 0, 0, 6, 226.35, 398701, 4421
1717, 0, 1189, 1352, 1336, 244, 0.05%, 0, 0, 6, 228.20, 399892, 4421
1723, 0, 1189, 1354, 1338, 244, 0.05%, 0, 0, 6, 226.49, 401078, 4421
1728, 0, 1189, 1356, 1340, 244, 0.05%, 0, 0, 6, 228.50, 402264, 4421
1733, 0, 1189, 1356, 1340, 244, 0.05%, 0, 0, 6, 229.69, 403452, 4421
1738, 0, 1189, 1361, 1345, 244, 0.05%, 0, 0, 6, 230.30, 404647, 4430
1743, 0, 1189, 1364, 1348, 244, 0.05%, 0, 0, 6, 226.05, 405819, 4430
1749, 0, 1189, 1364, 1348, 244, 0.05%, 0, 0, 6, 231.28, 407020, 4430
1754, 0, 1189, 1367, 1351, 244, 0.05%, 0, 0, 6, 232.38, 408209, 4430
1759, 0, 1189, 1367, 1351, 244, 0.05%, 0, 0, 6, 235.03, 409425, 4430
1764, 0, 1189, 1367, 1351, 244, 0.05%, 0, 0, 6, 232.55, 410633, 4430
1769, 0, 1189, 1367, 1351, 244, 0.05%, 0, 0, 6, 234.56, 411837, 4430
1774, 0, 1189, 1371, 1355, 244, 0.05%, 0, 0, 6, 232.61, 413025, 4430
1780, 0, 1189, 1374, 1358, 244, 0.05%, 0, 0, 6, 233.01, 414226, 4430
1785, 0, 1189, 1374, 1358, 244, 0.05%, 0, 0, 6, 231.81, 415434, 4430
1790, 0, 1189, 1376, 1360, 244, 0.05%, 0, 0, 6, 232.74, 416628, 4430
1795, 0, 1189, 1378, 1362, 244, 0.05%, 0, 0, 6, 234.43, 417830, 4430
1800, 0, 1189, 1378, 1362, 244, 0.05%, 0, 0, 6, 234.52, 419042, 4430
1805, 0, 1189, 1380, 1364, 244, 0.05%, 0, 0, 6, 228.66, 420208, 4430
1810, 0, 1189, 1384, 1368, 244, 0.05%, 0, 0, 6, 233.08, 421404, 4432
1816, 0, 1189, 1385, 1369, 244, 0.05%, 0, 0, 6, 232.93, 422599, 4432
1821, 0, 1189, 1386, 1370, 244, 0.05%, 0, 0, 6, 236.07, 423818, 4432
1826, 0, 1189, 1388, 1372, 244, 0.05%, 0, 0, 6, 236.40, 425004, 4432
1831, 0, 1189, 1390, 1374, 244, 0.05%, 0, 0, 6, 233.83, 426206, 4432
1836, 0, 1189, 1390, 1374, 244, 0.05%, 0, 0, 6, 235.02, 427410, 4432
1841, 0, 1189, 1391, 1375, 244, 0.05%, 0, 0, 6, 234.04, 428621, 4432
1846, 0, 1189, 1396, 1380, 244, 0.05%, 0, 0, 6, 220.07, 429724, 4432
1851, 0, 1189, 1397, 1381, 244, 0.05%, 0, 0, 6, 225.37, 430863, 4434
1856, 0, 716, 1397, 1380, 243, 0.05%, 0, 0, 6, 218.24, 431955, 4434
1862, 0, 332, 1406, 1388, 242, 0.05%, 0, 0, 6, 222.12, 433122, 4434
1867, 0, 332, 1406, 1388, 242, 0.05%, 0, 0, 6, 223.26, 434250, 4434
1872, 0, 332, 1408, 1390, 242, 0.05%, 0, 0, 6, 206.43, 435276, 4434
1877, 0, 332, 1410, 1392, 242, 0.05%, 0, 0, 6, 201.04, 436326, 4434
1882, 0, 332, 1420, 1402, 242, 0.05%, 0, 0, 6, 193.87, 437321, 4437
1887, 0, 332, 1423, 1405, 242, 0.05%, 0, 0, 6, 200.37, 438377, 4437
1892, 0, 332, 1426, 1408, 242, 0.05%, 0, 0, 6, 195.44, 439364, 4437
1898, 0, 332, 1428, 1410, 242, 0.05%, 0, 0, 6, 200.91, 440416, 4437
1903, 0, 1199, 1433, 1414, 243, 0.05%, 0, 0, 6, 199.54, 441419, 4439
1908, 0, 1199, 1434, 1415, 243, 0.05%, 0, 0, 6, 212.12, 442535, 4439
1913, 0, 1199, 1436, 1417, 243, 0.05%, 0, 0, 6, 211.40, 443617, 4441
1918, 0, 1325, 1437, 1417, 243, 0.05%, 0, 0, 6, 194.65, 444587, 4441
1923, 0, 1325, 1437, 1417, 243, 0.05%, 0, 0, 6, 200.40, 445649, 4441
1928, 0, 938, 1437, 1416, 242, 0.05%, 0, 0, 6, 203.34, 446674, 4441
1933, 0, 1171, 1437, 1415, 241, 0.05%, 0, 0, 6, 205.61, 447746, 4441
1938, 0, 764, 1438, 1415, 240, 0.05%, 0, 0, 6, 202.11, 448764, 4441
1944, 0, 1223, 1439, 1415, 239, 0.05%, 0, 0, 6, 203.04, 449763, 4441
1949, 0, 1223, 1441, 1417, 239, 0.05%, 0, 0, 6, 201.02, 450781, 4441
1954, 0, 1223, 1445, 1421, 239, 0.05%, 0, 0, 6, 203.48, 451821, 4446
1959, 0, 1223, 1449, 1425, 239, 0.05%, 0, 0, 6, 200.13, 452826, 4446
1964, 0, 1223, 1453, 1429, 239, 0.05%, 0, 0, 6, 202.71, 453873, 4446
1969, 0, 1223, 1453, 1429, 239, 0.05%, 0, 0, 6, 215.39, 454989, 4446
1974, 0, 972, 1458, 1433, 241, 0.05%, 0, 0, 6, 210.40, 456060, 4446
1979, 0, 972, 1458, 1433, 241, 0.05%, 0, 0, 6, 223.98, 457236, 4446
1985, 0, 1184, 1459, 1433, 240, 0.05%, 0, 0, 6, 226.06, 458358, 4446
1990, 0, 562, 1461, 1434, 238, 0.05%, 0, 0, 6, 224.65, 459486, 4449
1995, 0, 717, 1466, 1438, 238, 0.05%, 0, 0, 6, 217.85, 460582, 4450
2000, 0, 1146, 1472, 1443, 237, 0.05%, 0, 0, 6, 216.58, 461705, 4453
2005, 0, 1146, 1480, 1451, 237, 0.05%, 0, 0, 6, 217.86, 462793, 4459
2010, 0, 1146, 1486, 1457, 237, 0.05%, 0, 0, 6, 222.66, 463923, 4461
2015, 0, 1146, 1489, 1460, 237, 0.05%, 0, 0, 6, 222.80, 465084, 4462
2020, 0, 1146, 1490, 1461, 237, 0.05%, 0, 0, 6, 224.04, 466251, 4463
2026, 0, 1146, 1490, 1461, 237, 0.05%, 0, 0, 6, 217.04, 467371, 4463
2031, 0, 1146, 1491, 1462, 237, 0.05%, 0, 0, 6, 222.19, 468490, 4464
2036, 0, 1146, 1495, 1466, 237, 0.05%, 0, 0, 6, 215.21, 469582, 4466
2041, 0, 1146, 1495, 1466, 237, 0.05%, 0, 0, 6, 208.42, 470610, 4466
2046, 0, 1146, 1496, 1467, 237, 0.05%, 0, 0, 6, 203.05, 471633, 4467
2051, 0, 1146, 1496, 1467, 237, 0.05%, 0, 0, 6, 207.99, 472693, 4467
2056, 0, 1146, 1497, 1468, 237, 0.05%, 0, 0, 6, 205.65, 473756, 4467
2061, 0, 1146, 1497, 1468, 237, 0.05%, 0, 0, 6, 202.56, 474784, 4467
2066, 0, 1146, 1501, 1472, 237, 0.05%, 0, 0, 6, 203.22, 475816, 4468
2071, 0, 1146, 1501, 1472, 237, 0.05%, 0, 0, 6, 208.02, 476880, 4468
2076, 0, 1146, 1501, 1472, 237, 0.05%, 0, 0, 6, 212.34, 477960, 4468
2081, 0, 1146, 1501, 1472, 237, 0.05%, 0, 0, 6, 220.01, 479056, 4468
2086, 0, 1146, 1501, 1472, 237, 0.05%, 0, 0, 6, 229.62, 480256, 4468
2092, 0, 1146, 1502, 1473, 237, 0.05%, 0, 0, 6, 229.25, 481439, 4469
2097, 0, 1146, 1504, 1475, 237, 0.05%, 0, 0, 6, 222.90, 482601, 4469
2102, 0, 1146, 1504, 1475, 237, 0.05%, 0, 0, 6, 223.56, 483721, 4469
2107, 0, 1146, 1504, 1475, 237, 0.05%, 0, 0, 6, 223.41, 484841, 4469
2112, 0, 1146, 1505, 1476, 237, 0.05%, 0, 0, 6, 223.97, 485996, 4469
2117, 0, 1146, 1507, 1478, 237, 0.05%, 0, 0, 6, 227.05, 487178, 4469
2122, 0, 1146, 1509, 1480, 237, 0.05%, 0, 0, 6, 229.79, 488368, 4470
2128, 0, 1146, 1511, 1482, 237, 0.05%, 0, 0, 6, 229.86, 489558, 4470
2133, 0, 1146, 1513, 1484, 237, 0.05%, 0, 0, 6, 207.61, 490596, 4472
2138, 0, 1146, 1514, 1485, 237, 0.05%, 0, 0, 6, 202.75, 491603, 4475
2143, 0, 1146, 1514, 1485, 237, 0.05%, 0, 0, 6, 206.95, 492683, 4475
2148, 0, 1146, 1515, 1486, 237, 0.05%, 0, 0, 6, 198.96, 493686, 4475
2153, 0, 1146, 1517, 1488, 237, 0.05%, 0, 0, 6, 200.19, 494712, 4476
2158, 0, 1146, 1525, 1496, 237, 0.05%, 0, 0, 6, 193.28, 495675, 4479
2163, 0, 1146, 1529, 1500, 237, 0.05%, 0, 0, 6, 196.58, 496693, 4479
2168, 0, 1146, 1534, 1505, 237, 0.05%, 0, 0, 6, 197.07, 497697, 4481
2174, 0, 1146, 1538, 1509, 237, 0.05%, 0, 0, 6, 200.55, 498727, 4482
2179, 0, 1146, 1549, 1520, 237, 0.05%, 0, 0, 6, 206.12, 499764, 4497
2184, 0, 1146, 1554, 1525, 237, 0.05%, 0, 0, 6, 208.12, 500807, 4497
2189, 0, 1146, 1558, 1529, 237, 0.05%, 0, 0, 6, 204.57, 501847, 4498
2194, 0, 1146, 1560, 1531, 237, 0.05%, 0, 0, 6, 203.31, 502865, 4498
2199, 0, 1146, 1563, 1534, 237, 0.05%, 0, 0, 6, 203.00, 503922, 4498
2204, 0, 1146, 1566, 1537, 237, 0.05%, 0, 0, 6, 194.34, 504889, 4498
2209, 0, 1146, 1570, 1541, 237, 0.05%, 0, 0, 6, 204.46, 505947, 4498
2214, 0, 1146, 1576, 1547, 237, 0.05%, 0, 0, 6, 203.13, 506977, 4498
2219, 0, 1146, 1578, 1549, 237, 0.05%, 0, 0, 6, 213.63, 508063, 4498
2224, 0, 1321, 1578, 1548, 243, 0.05%, 0, 0, 6, 222.30, 509176, 4498
2229, 0, 941, 1578, 1547, 242, 0.05%, 0, 0, 6, 216.96, 510249, 4498
2235, 0, 1518, 1579, 1546, 240, 0.05%, 0, 0, 6, 209.65, 511338, 4498
2240, 0, 1518, 1580, 1547, 240, 0.05%, 0, 0, 7, 207.51, 512381, 4498
2245, 0, 365, 1584, 1550, 239, 0.05%, 0, 0, 7, 204.82, 513383, 4498
2250, 0, 365, 1584, 1550, 239, 0.05%, 0, 0, 7, 211.48, 514463, 4498
2255, 0, 365, 1585, 1551, 239, 0.05%, 0, 0, 7, 212.28, 515538, 4498
2260, 0, 928, 1599, 1564, 238, 0.05%, 0, 0, 7, 187.64, 516465, 4501
2265, 0, 928, 1608, 1573, 238, 0.05%, 0, 0, 7, 199.36, 517484, 4509
2270, 0, 928, 1611, 1576, 238, 0.05%, 0, 0, 7, 199.30, 518517, 4509
2275, 0, 928, 1614, 1579, 238, 0.05%, 0, 0, 7, 203.72, 519534, 4509
2280, 0, 743, 1617, 1581, 230, 0.05%, 0, 0, 7, 200.17, 520515, 4510
2285, 0, 743, 1618, 1582, 230, 0.05%, 0, 0, 7, 210.76, 521623, 4510
2290, 0, 743, 1620, 1584, 230, 0.05%, 0, 0, 7, 209.72, 522685, 4510
2295, 0, 743, 1620, 1584, 230, 0.05%, 0, 0, 7, 206.16, 523721, 4510
2300, 0, 743, 1621, 1585, 230, 0.05%, 0, 0, 7, 207.22, 524768, 4510
2305, 0, 743, 1621, 1585, 230, 0.05%, 0, 0, 7, 212.26, 525852, 4510
2310, 0, 743, 1621, 1585, 230, 0.05%, 0, 0, 7, 208.60, 526900, 4510
2315, 0, 743, 1621, 1585, 230, 0.05%, 0, 0, 7, 207.53, 527932, 4510
2320, 0, 743, 1621, 1585, 230, 0.05%, 0, 0, 7, 207.77, 528984, 4510
2326, 0, 743, 1621, 1585, 230, 0.05%, 0, 0, 7, 215.92, 530100, 4510
2331, 0, 743, 1621, 1585, 230, 0.05%, 0, 0, 7, 203.35, 531116, 4510
2336, 0, 743, 1622, 1586, 230, 0.05%, 0, 0, 7, 201.92, 532135, 4510
2341, 0, 743, 1622, 1586, 230, 0.05%, 0, 0, 7, 207.00, 533199, 4510
2346, 0, 743, 1622, 1586, 230, 0.05%, 0, 0, 7, 211.60, 534263, 4510
2351, 0, 743, 1623, 1587, 230, 0.05%, 0, 0, 7, 213.87, 535350, 4510
2356, 0, 743, 1623, 1587, 230, 0.05%, 0, 0, 7, 210.05, 536406, 4510
2361, 0, 743, 1625, 1589, 230, 0.05%, 0, 0, 7, 216.76, 537500, 4512
2366, 0, 743, 1625, 1589, 230, 0.05%, 0, 0, 7, 215.52, 538584, 4512
2371, 0, 743, 1625, 1589, 230, 0.05%, 0, 0, 7, 208.24, 539644, 4512
2376, 0, 743, 1625, 1589, 230, 0.05%, 0, 0, 7, 212.91, 540748, 4512
2381, 0, 743, 1625, 1589, 230, 0.05%, 0, 0, 7, 210.18, 541804, 4512
2386, 0, 743, 1625, 1589, 230, 0.05%, 0, 0, 7, 209.06, 542848, 4512
2392, 0, 743, 1626, 1590, 230, 0.05%, 0, 0, 7, 220.36, 543995, 4512
2397, 0, 743, 1626, 1590, 230, 0.05%, 0, 0, 7, 232.05, 545211, 4512
2402, 0, 743, 1626, 1590, 230, 0.05%, 0, 0, 7, 210.55, 546255, 4512
2407, 0, 743, 1627, 1591, 230, 0.05%, 0, 0, 7, 215.67, 547378, 4512
2412, 0, 743, 1628, 1592, 230, 0.05%, 0, 0, 7, 205.05, 548417, 4512
2417, 0, 743, 1629, 1593, 230, 0.05%, 0, 0, 7, 202.74, 549440, 4513
2422, 0, 743, 1629, 1593, 230, 0.05%, 0, 0, 7, 198.60, 550473, 4513
2427, 0, 743, 1629, 1593, 230, 0.05%, 0, 0, 7, 202.58, 551532, 4513
2432, 0, 743, 1629, 1593, 230, 0.05%, 0, 0, 7, 198.86, 552536, 4513
2437, 0, 505, 1631, 1594, 231, 0.05%, 0, 0, 7, 190.30, 553516, 4513
2442, 0, 505, 1637, 1600, 231, 0.05%, 0, 0, 7, 184.07, 554436, 4513
2448, 0, 505, 1642, 1605, 231, 0.05%, 0, 0, 7, 177.11, 555323, 4513
2453, 0, 505, 1646, 1609, 231, 0.05%, 0, 0, 7, 179.71, 556236, 4513
2458, 0, 505, 1646, 1609, 231, 0.05%, 0, 0, 7, 181.25, 557181, 4513
2463, 0, 505, 1647, 1610, 231, 0.05%, 0, 0, 7, 183.41, 558094, 4513
2468, 0, 1171, 1649, 1610, 229, 0.05%, 0, 0, 7, 201.18, 559154, 4513
2473, 0, 1171, 1649, 1610, 229, 0.05%, 0, 0, 7, 191.45, 560151, 4513
2478, 0, 1171, 1649, 1610, 229, 0.05%, 0, 0, 7, 198.66, 561187, 4513
2483, 0, 1171, 1650, 1611, 229, 0.05%, 0, 0, 7, 202.62, 562215, 4513
2488, 0, 1171, 1652, 1613, 229, 0.05%, 0, 0, 7, 205.02, 563241, 4513
2493, 0, 1171, 1652, 1613, 229, 0.05%, 0, 0, 7, 207.98, 564321, 4513
2499, 0, 664, 1654, 1615, 229, 0.05%, 0, 0, 7, 199.37, 565366, 4513
2504, 0, 977, 1657, 1617, 228, 0.05%, 0, 0, 7, 197.94, 566342, 4513
2509, 0, 977, 1658, 1618, 228, 0.05%, 0, 0, 7, 208.97, 567432, 4513
2514, 0, 977, 1658, 1618, 228, 0.05%, 0, 0, 7, 207.38, 568509, 4513
2519, 0, 977, 1658, 1618, 228, 0.05%, 0, 0, 7, 204.32, 569541, 4513
2524, 0, 1628, 1658, 1617, 228, 0.05%, 0, 0, 7, 191.23, 570484, 4513
2529, 0, 1628, 1659, 1618, 228, 0.05%, 0, 0, 7, 197.34, 571523, 4514
2535, 0, 267, 1662, 1620, 228, 0.05%, 0, 0, 7, 206.27, 572551, 4519
2540, 0, 1276, 1662, 1619, 229, 0.05%, 0, 0, 7, 203.22, 573602, 4519
2545, 0, 1276, 1665, 1622, 229, 0.05%, 0, 0, 7, 204.36, 574639, 4519
2550, 0, 1276, 1666, 1623, 229, 0.05%, 0, 0, 7, 206.51, 575682, 4519
2555, 0, 1276, 1667, 1624, 229, 0.05%, 0, 0, 7, 212.22, 576749, 4519
2560, 0, 1276, 1668, 1625, 229, 0.05%, 0, 0, 7, 217.07, 577856, 4519
2565, 0, 1276, 1668, 1625, 229, 0.05%, 0, 0, 7, 210.00, 578956, 4519
2570, 0, 1276, 1669, 1626, 229, 0.05%, 0, 0, 7, 202.37, 579967, 4519
2575, 0, 1276, 1669, 1626, 229, 0.05%, 0, 0, 7, 202.13, 580999, 4519
2580, 0, 1276, 1669, 1626, 229, 0.05%, 0, 0, 7, 204.16, 582063, 4519
2585, 0, 1276, 1669, 1626, 229, 0.05%, 0, 0, 7, 216.36, 583171, 4519
2590, 0, 1276, 1669, 1626, 229, 0.05%, 0, 0, 7, 216.17, 584275, 4519
2596, 0, 1276, 1669, 1626, 229, 0.05%, 0, 0, 7, 228.11, 585467, 4519
2601, 0, 1276, 1669, 1626, 229, 0.05%, 0, 0, 7, 231.14, 586667, 4519
2606, 0, 1276, 1669, 1626, 229, 0.05%, 0, 0, 7, 233.19, 587871, 4519
2611, 0, 1276, 1669, 1626, 229, 0.05%, 0, 0, 7, 233.62, 589063, 4519
2616, 0, 1276, 1669, 1626, 229, 0.05%, 0, 0, 7, 230.40, 590243, 4519
2621, 0, 1276, 1670, 1627, 229, 0.05%, 0, 0, 7, 230.62, 591430, 4519
2626, 0, 1276, 1670, 1627, 229, 0.05%, 0, 0, 7, 234.35, 592630, 4519
2632, 0, 1276, 1670, 1627, 229, 0.05%, 0, 0, 7, 232.80, 593818, 4519
2637, 0, 1276, 1670, 1627, 229, 0.05%, 0, 0, 7, 232.92, 595014, 4519
2642, 0, 1276, 1671, 1628, 229, 0.05%, 0, 0, 7, 225.65, 596185, 4520
2647, 0, 1276, 1671, 1628, 229, 0.05%, 0, 0, 7, 232.69, 597385, 4520
2652, 0, 1276, 1671, 1628, 229, 0.05%, 0, 0, 7, 231.13, 598577, 4520
2657, 0, 1276, 1671, 1628, 229, 0.05%, 0, 0, 7, 233.85, 599777, 4520
2663, 0, 1276, 1671, 1628, 229, 0.05%, 0, 0, 7, 226.89, 600949, 4520
2668, 0, 1276, 1671, 1628, 229, 0.05%, 0, 0, 7, 229.04, 602137, 4520
2673, 0, 1276, 1671, 1628, 229, 0.05%, 0, 0, 7, 229.96, 603317, 4520
2678, 0, 1276, 1671, 1628, 229, 0.05%, 0, 0, 7, 233.00, 604513, 4520
2683, 0, 1276, 1671, 1628, 229, 0.05%, 0, 0, 7, 232.70, 605709, 4520
2688, 0, 1276, 1676, 1633, 229, 0.05%, 0, 0, 7, 228.12, 606864, 4521
2693, 0, 1276, 1677, 1634, 229, 0.05%, 0, 0, 7, 223.64, 608023, 4521
2698, 0, 1276, 1678, 1635, 229, 0.05%, 0, 0, 7, 222.26, 609138, 4521
2703, 0, 1276, 1679, 1636, 229, 0.05%, 0, 0, 7, 223.86, 610265, 4521
2709, 0, 1276, 1683, 1640, 229, 0.05%, 0, 0, 7, 224.22, 611441, 4521
2714, 0, 1167, 1683, 1638, 230, 0.05%, 0, 0, 7, 225.66, 612559, 4521
2719, 0, 1167, 1683, 1638, 230, 0.05%, 0, 0, 7, 234.05, 613775, 4521
2724, 0, 1158, 1684, 1638, 229, 0.05%, 0, 0, 7, 230.18, 614963, 4521
2729, 0, 1479, 1684, 1637, 228, 0.05%, 0, 0, 7, 226.65, 616106, 4521
2734, 0, 1479, 1691, 1644, 228, 0.05%, 0, 0, 7, 221.71, 617203, 4522
2739, 0, 1479, 1697, 1650, 228, 0.05%, 0, 0, 7, 223.43, 618369, 4522
2744, 0, 1479, 1698, 1651, 228, 0.05%, 0, 0, 7, 212.48, 619480, 4524
2750, 0, 1479, 1700, 1653, 228, 0.05%, 0, 0, 7, 215.16, 620586, 4524
2755, 0, 1479, 1711, 1664, 228, 0.05%, 0, 0, 7, 207.43, 621639, 4525
2760, 0, 1479, 1715, 1668, 228, 0.05%, 0, 0, 7, 212.56, 622743, 4525
2765, 0, 1479, 1718, 1671, 228, 0.05%, 0, 0, 7, 209.34, 623796, 4525
2770, 0, 1479, 1719, 1672, 228, 0.05%, 0, 0, 7, 209.93, 624887, 4525
2775, 0, 1028, 1721, 1673, 230, 0.05%, 0, 0, 7, 217.06, 625972, 4527
2780, 0, 1028, 1722, 1674, 230, 0.05%, 0, 0, 7, 229.98, 627175, 4527
2785, 0, 1028, 1724, 1676, 230, 0.05%, 0, 0, 7, 229.30, 628325, 4528
2790, 0, 1028, 1726, 1678, 230, 0.05%, 0, 0, 7, 234.88, 629539, 4528
2796, 0, 1028, 1726, 1678, 230, 0.05%, 0, 0, 7, 234.28, 630747, 4528
2801, 0, 1028, 1727, 1679, 230, 0.05%, 0, 0, 7, 234.80, 631954, 4528
2806, 0, 1028, 1727, 1679, 230, 0.05%, 0, 0, 7, 233.40, 633162, 4528
2811, 0, 1028, 1727, 1679, 230, 0.05%, 0, 0, 7, 233.42, 634370, 4528
2816, 0, 1028, 1727, 1679, 230, 0.05%, 0, 0, 7, 232.60, 635578, 4528
2821, 0, 1028, 1728, 1680, 230, 0.05%, 0, 0, 7, 232.42, 636765, 4528
2827, 0, 1028, 1728, 1680, 230, 0.05%, 0, 0, 7, 234.35, 637981, 4528
2832, 0, 1028, 1728, 1680, 230, 0.05%, 0, 0, 7, 235.70, 639193, 4528
2837, 0, 1028, 1730, 1682, 230, 0.05%, 0, 0, 7, 232.25, 640399, 4528
2842, 0, 1028, 1731, 1683, 230, 0.05%, 0, 0, 7, 236.49, 641590, 4528
2847, 0, 1028, 1732, 1684, 230, 0.05%, 0, 0, 7, 232.10, 642785, 4528
2852, 0, 1028, 1732, 1684, 230, 0.05%, 0, 0, 7, 232.66, 643993, 4528
2857, 0, 1028, 1732, 1684, 230, 0.05%, 0, 0, 7, 237.29, 645229, 4528
2863, 0, 1028, 1732, 1684, 230, 0.05%, 0, 0, 7, 232.94, 646425, 4528
2868, 0, 1028, 1732, 1684, 230, 0.05%, 0, 0, 7, 233.14, 647641, 4528
2873, 0, 1028, 1733, 1685, 230, 0.05%, 0, 0, 7, 236.32, 648828, 4529
2878, 0, 1028, 1733, 1685, 230, 0.05%, 0, 0, 7, 234.86, 650056, 4529
2883, 0, 1028, 1733, 1685, 230, 0.05%, 0, 0, 7, 232.87, 651252, 4529
2888, 0, 1028, 1734, 1686, 230, 0.05%, 0, 0, 7, 233.36, 652463, 4529
2893, 0, 1028, 1734, 1686, 230, 0.05%, 0, 0, 7, 229.69, 653615, 4529
2899, 0, 1028, 1734, 1686, 230, 0.05%, 0, 0, 7, 234.93, 654839, 4529
2904, 0, 1028, 1734, 1686, 230, 0.05%, 0, 0, 7, 230.04, 656039, 4529
2909, 0, 1028, 1735, 1687, 230, 0.05%, 0, 0, 7, 231.96, 657238, 4533
2914, 0, 1028, 1735, 1687, 230, 0.05%, 0, 0, 7, 235.54, 658418, 4533
2919, 0, 1285, 1738, 1689, 233, 0.05%, 0, 0, 7, 235.23, 659617, 4533
2924, 0, 1285, 1739, 1690, 233, 0.05%, 0, 0, 7, 238.15, 660824, 4533
2929, 0, 1285, 1740, 1691, 233, 0.05%, 0, 0, 7, 240.19, 662039, 4533
2934, 0, 1285, 1740, 1691, 233, 0.05%, 0, 0, 7, 240.12, 663247, 4533
2939, 0, 1285, 1740, 1691, 233, 0.05%, 0, 0, 7, 242.49, 664471, 4533
2944, 0, 1285, 1740, 1691, 233, 0.05%, 0, 0, 7, 239.88, 665683, 4533
2950, 0, 1285, 1740, 1691, 233, 0.05%, 0, 0, 7, 238.29, 666923, 4533
2955, 0, 1285, 1743, 1694, 233, 0.05%, 0, 0, 7, 227.46, 668108, 4533
2960, 0, 1285, 1748, 1699, 233, 0.05%, 0, 0, 7, 228.83, 669287, 4533
2965, 0, 756, 1748, 1698, 234, 0.05%, 0, 0, 7, 249.85, 670447, 4533
2970, 0, 1738, 1748, 1697, 233, 0.05%, 0, 0, 7, 236.93, 671626, 4533
2975, 0, 1471, 1748, 1696, 232, 0.05%, 0, 0, 7, 222.24, 672782, 4533
2981, 0, 1471, 1757, 1705, 232, 0.05%, 0, 0, 7, 205.33, 673821, 4533
2986, 0, 1471, 1761, 1709, 232, 0.05%, 0, 0, 7, 196.81, 674805, 4533
2991, 0, 1471, 1764, 1712, 232, 0.05%, 0, 0, 7, 202.55, 675834, 4533
2996, 0, 1471, 1766, 1714, 232, 0.05%, 0, 0, 7, 205.36, 676876, 4533
3001, 0, 1471, 1769, 1717, 232, 0.05%, 0, 0, 7, 222.68, 678021, 4533
3006, 0, 1618, 1771, 1718, 231, 0.05%, 0, 0, 7, 231.22, 679222, 4533
3011, 0, 1618, 1775, 1722, 231, 0.05%, 0, 0, 7, 237.34, 680458, 4533
3016, 0, 1618, 1775, 1722, 231, 0.05%, 0, 0, 7, 242.23, 681674, 4533
3021, 0, 1618, 1775, 1722, 231, 0.05%, 0, 0, 7, 240.51, 682878, 4533
3026, 0, 1618, 1775, 1722, 231, 0.05%, 0, 0, 7, 242.03, 684102, 4533
3031, 0, 1618, 1775, 1722, 231, 0.05%, 0, 0, 7, 238.30, 685294, 4533
3036, 0, 1618, 1775, 1722, 231, 0.05%, 0, 0, 7, 239.98, 686502, 4533
3042, 0, 1618, 1775, 1722, 231, 0.05%, 0, 0, 7, 237.41, 687722, 4533
3047, 0, 1618, 1776, 1723, 231, 0.05%, 0, 0, 7, 239.97, 688937, 4533
3052, 0, 1618, 1776, 1723, 231, 0.05%, 0, 0, 7, 238.50, 690169, 4533
3057, 0, 1618, 1776, 1723, 231, 0.05%, 0, 0, 7, 237.99, 691365, 4533
3062, 0, 1618, 1776, 1723, 231, 0.05%, 0, 0, 7, 237.76, 692597, 4533
3067, 0, 1618, 1776, 1723, 231, 0.05%, 0, 0, 7, 241.63, 693821, 4533
3072, 0, 1618, 1777, 1724, 231, 0.05%, 0, 0, 7, 238.07, 695024, 4533
3077, 0, 1618, 1777, 1724, 231, 0.05%, 0, 0, 7, 239.55, 696224, 4533
3082, 0, 1618, 1777, 1724, 231, 0.05%, 0, 0, 7, 240.41, 697432, 4533
3087, 0, 1618, 1777, 1724, 231, 0.05%, 0, 0, 7, 242.64, 698652, 4533
3092, 0, 1618, 1777, 1724, 231, 0.05%, 0, 0, 7, 239.22, 699892, 4533
3097, 0, 1618, 1777, 1724, 231, 0.05%, 0, 0, 7, 240.29, 701096, 4533
3102, 0, 1618, 1778, 1725, 231, 0.05%, 0, 0, 7, 238.91, 702307, 4533
3107, 0, 1618, 1778, 1725, 231, 0.05%, 0, 0, 7, 239.89, 703515, 4533
3113, 0, 1618, 1778, 1725, 231, 0.05%, 0, 0, 7, 238.13, 704719, 4533
3118, 0, 1618, 1778, 1725, 231, 0.05%, 0, 0, 7, 240.76, 705931, 4533
3123, 0, 1618, 1778, 1725, 231, 0.05%, 0, 0, 7, 228.25, 707091, 4533
3128, 0, 1618, 1778, 1725, 231, 0.05%, 0, 0, 7, 229.59, 708275, 4533
3133, 0, 1618, 1778, 1725, 231, 0.05%, 0, 0, 7, 232.62, 709491, 4533
3138, 0, 1618, 1778, 1725, 231, 0.05%, 0, 0, 7, 238.86, 710699, 4533
3143, 0, 1618, 1778, 1725, 231, 0.05%, 0, 0, 7, 235.60, 711883, 4533
3148, 0, 1179, 1779, 1725, 230, 0.05%, 0, 0, 7, 235.57, 713058, 4533
3153, 0, 1582, 1781, 1726, 230, 0.05%, 0, 0, 7, 226.72, 714217, 4533
3158, 0, 764, 1782, 1726, 229, 0.05%, 0, 0, 7, 223.99, 715344, 4533
3163, 0, 764, 1783, 1727, 229, 0.05%, 0, 0, 7, 235.14, 716546, 4533
3169, 0, 764, 1784, 1728, 229, 0.05%, 0, 0, 7, 235.59, 717767, 4533
3174, 0, 1013, 1787, 1731, 229, 0.05%, 0, 0, 7, 228.64, 718944, 4534
3179, 0, 1013, 1787, 1731, 229, 0.05%, 0, 0, 7, 224.43, 720052, 4534
3184, 0, 729, 1787, 1730, 228, 0.05%, 0, 0, 7, 228.88, 721222, 4534
3189, 0, 1374, 1787, 1729, 227, 0.05%, 0, 0, 7, 234.17, 722444, 4534
3194, 0, 943, 1789, 1730, 226, 0.05%, 0, 0, 7, 240.07, 723652, 4540
3199, 0, 943, 1790, 1731, 226, 0.05%, 0, 0, 7, 236.94, 724839, 4540
3204, 0, 943, 1791, 1732, 226, 0.05%, 0, 0, 7, 238.65, 726045, 4540
3209, 0, 1489, 1792, 1732, 225, 0.05%, 0, 0, 7, 231.97, 727206, 4540
3214, 0, 1275, 1794, 1733, 224, 0.05%, 0, 0, 7, 214.65, 728326, 4540
3219, 0, 1275, 1796, 1735, 224, 0.05%, 0, 0, 7, 226.07, 729484, 4540
3224, 0, 1275, 1799, 1738, 224, 0.05%, 0, 0, 7, 226.13, 730621, 4540
3230, 0, 78, 1803, 1741, 222, 0.05%, 0, 0, 7, 221.41, 731722, 4540
3235, 0, 1537, 1807, 1744, 221, 0.05%, 0, 0, 7, 219.95, 732809, 4543
3240, 0, 1537, 1810, 1747, 221, 0.05%, 0, 0, 7, 221.81, 733934, 4543
3245, 0, 1537, 1811, 1748, 221, 0.05%, 0, 0, 7, 224.20, 735073, 4543
3250, 0, 1537, 1811, 1748, 221, 0.05%, 0, 0, 7, 223.97, 736205, 4543
3255, 0, 1537, 1812, 1749, 221, 0.05%, 0, 0, 7, 224.11, 737324, 4543
3260, 0, 1537, 1812, 1749, 221, 0.05%, 0, 0, 7, 223.80, 738456, 4543
3265, 0, 1537, 1812, 1749, 221, 0.05%, 0, 0, 7, 225.09, 739600, 4543
3270, 0, 1537, 1812, 1749, 221, 0.05%, 0, 0, 7, 220.25, 740704, 4543
3275, 0, 1537, 1812, 1749, 221, 0.05%, 0, 0, 7, 221.25, 741808, 4543
3280, 0, 1537, 1812, 1749, 221, 0.05%, 0, 0, 7, 222.64, 742936, 4543
3285, 0, 1537, 1812, 1749, 221, 0.05%, 0, 0, 7, 222.63, 744088, 4543
3290, 0, 1537, 1812, 1749, 221, 0.05%, 0, 0, 7, 223.13, 745216, 4543
3295, 0, 1537, 1813, 1750, 221, 0.05%, 0, 0, 7, 224.19, 746343, 4579
3300, 0, 1537, 1813, 1750, 221, 0.05%, 0, 0, 7, 225.72, 747483, 4579
3305, 0, 1537, 1814, 1751, 221, 0.05%, 0, 0, 7, 221.59, 748590, 4579
3310, 0, 1537, 1814, 1751, 221, 0.05%, 0, 0, 7, 223.90, 749714, 4579
3315, 0, 1537, 1816, 1753, 221, 0.05%, 0, 0, 7, 224.22, 750844, 4579
3320, 0, 1537, 1816, 1753, 221, 0.05%, 0, 0, 7, 225.97, 751992, 4579
3326, 0, 1537, 1816, 1753, 221, 0.05%, 0, 0, 7, 225.51, 753128, 4579
3331, 0, 1537, 1816, 1753, 221, 0.05%, 0, 0, 7, 227.72, 754280, 4579
3336, 0, 1537, 1817, 1754, 221, 0.05%, 0, 0, 7, 223.86, 755391, 4580
3341, 0, 1537, 1818, 1755, 221, 0.05%, 0, 0, 7, 225.26, 756526, 4580
3346, 0, 1537, 1818, 1755, 221, 0.05%, 0, 0, 7, 223.79, 757658, 4580
3351, 0, 1537, 1818, 1755, 221, 0.05%, 0, 0, 7, 225.62, 758806, 4580
3356, 0, 1537, 1819, 1756, 221, 0.05%, 0, 0, 7, 222.63, 759929, 4580
3361, 0, 1537, 1819, 1756, 221, 0.05%, 0, 0, 7, 225.80, 761069, 4580
3366, 0, 1537, 1819, 1756, 221, 0.05%, 0, 0, 7, 224.51, 762201, 4580
3371, 0, 1537, 1820, 1757, 221, 0.05%, 0, 0, 7, 226.77, 763344, 4580
3376, 0, 1537, 1820, 1757, 221, 0.05%, 0, 0, 7, 225.93, 764484, 4580
3381, 0, 1537, 1820, 1757, 221, 0.05%, 0, 0, 7, 222.75, 765632, 4580
3386, 0, 1311, 1820, 1755, 223, 0.05%, 0, 0, 7, 231.40, 766799, 4580
3391, 0, 1483, 1820, 1754, 222, 0.05%, 0, 0, 7, 231.03, 767985, 4580
3396, 0, 1483, 1830, 1764, 222, 0.05%, 0, 0, 7, 210.54, 769043, 4580
3402, 0, 1483, 1832, 1766, 222, 0.05%, 0, 0, 7, 210.43, 770137, 4580
3407, 0, 1483, 1834, 1768, 222, 0.05%, 0, 0, 7, 208.47, 771223, 4580
3412, 0, 1483, 1837, 1771, 222, 0.05%, 0, 0, 7, 210.14, 772316, 4581
3417, 0, 1785, 1839, 1772, 220, 0.05%, 0, 0, 7, 214.95, 773400, 4581
3422, 0, 1785, 1840, 1773, 220, 0.05%, 0, 0, 7, 230.09, 774611, 4581
3427, 0, 1785, 1847, 1780, 220, 0.05%, 0, 0, 7, 223.77, 775720, 4584
3432, 0, 1785, 1847, 1780, 220, 0.05%, 0, 0, 7, 226.79, 776864, 4584
3437, 0, 1785, 1849, 1782, 220, 0.05%, 0, 0, 7, 227.16, 778002, 4608
3442, 0, 1785, 1853, 1786, 220, 0.05%, 0, 0, 7, 224.17, 779122, 4608
3447, 0, 1170, 1857, 1789, 222, 0.05%, 0, 0, 7, 230.69, 780282, 4608
3453, 0, 1170, 1857, 1789, 222, 0.05%, 0, 0, 7, 237.15, 781514, 4608
3458, 0, 1170, 1857, 1789, 222, 0.05%, 0, 0, 7, 236.37, 782726, 4608
3463, 0, 1170, 1858, 1790, 222, 0.05%, 0, 0, 7, 235.98, 783941, 4608
3468, 0, 1170, 1858, 1790, 222, 0.05%, 0, 0, 7, 238.18, 785165, 4608
3473, 0, 1170, 1859, 1791, 222, 0.05%, 0, 0, 7, 237.57, 786392, 4608
3478, 0, 1170, 1859, 1791, 222, 0.05%, 0, 0, 7, 239.36, 787624, 4608
3484, 0, 1170, 1859, 1791, 222, 0.05%, 0, 0, 7, 237.31, 788852, 4608
3489, 0, 1170, 1859, 1791, 222, 0.05%, 0, 0, 7, 238.16, 790076, 4608
3494, 0, 1170, 1859, 1791, 222, 0.05%, 0, 0, 7, 238.52, 791268, 4608
3499, 0, 1170, 1859, 1791, 222, 0.05%, 0, 0, 7, 238.94, 792516, 4608
3504, 0, 1170, 1859, 1791, 222, 0.05%, 0, 0, 7, 237.42, 793744, 4608
3509, 0, 1170, 1859, 1791, 222, 0.05%, 0, 0, 7, 238.46, 794976, 4608
3514, 0, 1170, 1859, 1791, 222, 0.05%, 0, 0, 7, 235.64, 796196, 4608
3520, 0, 1170, 1859, 1791, 222, 0.05%, 0, 0, 7, 236.42, 797416, 4608
3525, 0, 1170, 1860, 1792, 222, 0.05%, 0, 0, 7, 235.26, 798595, 4608
3530, 0, 1170, 1861, 1793, 222, 0.05%, 0, 0, 7, 234.80, 799818, 4608
3535, 0, 1170, 1861, 1793, 222, 0.05%, 0, 0, 7, 236.20, 801046, 4608
3540, 0, 1170, 1861, 1793, 222, 0.05%, 0, 0, 7, 237.84, 802262, 4608
3545, 0, 1170, 1862, 1794, 222, 0.05%, 0, 0, 7, 236.64, 803445, 4608
3550, 0, 1170, 1862, 1794, 222, 0.05%, 0, 0, 7, 233.35, 804613, 4608
3555, 0, 1170, 1862, 1794, 222, 0.05%, 0, 0, 7, 236.41, 805801, 4608
3560, 0, 1170, 1862, 1794, 222, 0.05%, 0, 0, 7, 237.82, 807021, 4608
3565, 0, 1170, 1862, 1794, 222, 0.05%, 0, 0, 7, 236.95, 808237, 4608
3570, 0, 1170, 1862, 1794, 222, 0.05%, 0, 0, 7, 236.37, 809457, 4608
3576, 0, 1170, 1863, 1795, 222, 0.05%, 0, 0, 7, 234.50, 810660, 4608
3581, 0, 1170, 1863, 1795, 222, 0.05%, 0, 0, 7, 236.51, 811884, 4608
3586, 0, 1170, 1864, 1796, 222, 0.05%, 0, 0, 7, 234.30, 813095, 4609
3591, 0, 431, 1865, 1795, 222, 0.05%, 0, 0, 7, 229.68, 814231, 4609
3596, 0, 973, 1870, 1799, 221, 0.05%, 0, 0, 7, 220.58, 815357, 4609
3601, 0, 973, 1876, 1805, 221, 0.05%, 0, 0, 7, 211.90, 816411, 4609
3606, 0, 973, 1879, 1808, 221, 0.05%, 0, 0, 7, 209.36, 817460, 4609
3611, 0, 973, 1883, 1812, 221, 0.05%, 0, 0, 7, 196.10, 818469, 4609
3617, 0, 973, 1886, 1815, 221, 0.05%, 0, 0, 7, 202.86, 819505, 4609
3622, 0, 1490, 1891, 1819, 220, 0.05%, 0, 0, 7, 220.92, 820651, 4611
3627, 0, 937, 1892, 1819, 221, 0.05%, 0, 0, 7, 224.72, 821805, 4611
3632, 0, 937, 1893, 1820, 221, 0.05%, 0, 0, 7, 242.43, 823084, 4611
3637, 0, 1101, 1893, 1819, 220, 0.05%, 0, 0, 7, 242.81, 824305, 4611
3642, 0, 1720, 1893, 1818, 219, 0.05%, 0, 0, 7, 235.07, 825504, 4611
3647, 0, 1720, 1895, 1820, 219, 0.05%, 0, 0, 7, 235.82, 826718, 4611
3652, 0, 1092, 1895, 1819, 218, 0.05%, 0, 0, 7, 234.82, 827922, 4611
3658, 0, 1092, 1907, 1831, 218, 0.05%, 0, 0, 7, 200.36, 828902, 4611
3663, 0, 1092, 1911, 1835, 218, 0.05%, 0, 0, 7, 193.81, 829902, 4611
3668, 0, 1092, 1913, 1837, 218, 0.05%, 0, 0, 7, 194.69, 830900, 4611
3673, 0, 1092, 1913, 1837, 218, 0.05%, 0, 0, 7, 196.10, 831914, 4611
3678, 0, 1092, 1916, 1840, 218, 0.05%, 0, 0, 7, 195.42, 832930, 4611
3683, 0, 1816, 1925, 1848, 217, 0.06%, 0, 0, 8, 221.05, 834056, 4639
3688, 0, 1816, 1927, 1850, 217, 0.06%, 0, 0, 8, 232.75, 835254, 4642
3693, 0, 1816, 1927, 1850, 217, 0.06%, 0, 0, 8, 234.79, 836450, 4642
3699, 0, 1816, 1927, 1850, 217, 0.06%, 0, 0, 8, 235.03, 837646, 4642
3704, 0, 1816, 1928, 1851, 217, 0.06%, 0, 0, 8, 228.18, 838817, 4643
3709, 0, 1816, 1929, 1852, 217, 0.06%, 0, 0, 8, 230.52, 840016, 4644
3714, 0, 1816, 1930, 1853, 217, 0.06%, 0, 0, 8, 232.97, 841211, 4644
3719, 0, 1816, 1930, 1853, 217, 0.06%, 0, 0, 8, 232.06, 842403, 4644
3724, 0, 1816, 1930, 1853, 217, 0.06%, 0, 0, 8, 228.95, 843571, 4644
3725, 0, 1816, 1930, 1853, 217, 0.06%, 0, 0, 8, 227.83, 843649, 4644
