# unix_time, cycles_done, cur_path, paths_total, pending_total, pending_favs, map_size, unique_crashes, unique_hangs, max_depth, execs_per_sec
1669810254, 0, 0, 1, 1, 1, 2.98%, 0, 0, 1, 320.00
1669810259, 0, 0, 92, 92, 1, 4.35%, 0, 0, 2, 406.49
1669810264, 0, 0, 129, 129, 1, 4.93%, 0, 0, 2, 432.57
1669810269, 0, 0, 154, 154, 1, 5.51%, 0, 0, 2, 386.57
1669810275, 0, 0, 164, 164, 1, 5.59%, 0, 0, 2, 410.56
1669810285, 0, 0, 170, 170, 1, 5.59%, 0, 0, 2, 450.68
1669810290, 0, 0, 189, 189, 1, 5.94%, 0, 0, 2, 409.84
1669810295, 0, 0, 216, 216, 1, 6.02%, 0, 0, 2, 402.78
1669810300, 0, 0, 239, 239, 1, 6.36%, 0, 0, 2, 392.48
1669810305, 0, 0, 254, 254, 1, 6.48%, 0, 0, 2, 362.09
1669810310, 0, 0, 263, 263, 1, 6.54%, 0, 0, 2, 378.49
1669810316, 0, 0, 274, 274, 1, 6.59%, 0, 0, 2, 378.07
1669810321, 0, 0, 282, 282, 1, 6.61%, 0, 0, 2, 409.53
1669810326, 0, 0, 293, 293, 1, 6.66%, 0, 0, 2, 426.00
1669810331, 0, 0, 303, 303, 1, 6.74%, 0, 0, 2, 413.16
1669810336, 0, 0, 307, 307, 1, 6.75%, 0, 0, 2, 396.60
1669810341, 0, 0, 315, 315, 1, 6.78%, 0, 0, 2, 370.14
1669810346, 0, 0, 321, 321, 1, 6.83%, 0, 0, 2, 420.28
1669810351, 0, 0, 325, 325, 1, 7.10%, 0, 0, 2, 452.55
1669810356, 0, 0, 332, 332, 1, 7.14%, 0, 0, 2, 456.88
1669810361, 0, 0, 335, 335, 1, 7.15%, 0, 0, 2, 435.25
1669810366, 0, 0, 340, 340, 1, 7.27%, 0, 0, 2, 437.83
1669810371, 0, 0, 344, 344, 1, 7.27%, 0, 0, 2, 399.54
1669810376, 0, 9, 346, 345, 123, 7.27%, 0, 0, 2, 419.83
1669810387, 0, 9, 348, 347, 123, 7.29%, 0, 0, 3, 434.56
1669810412, 0, 9, 350, 349, 123, 7.31%, 0, 0, 3, 442.46
1669810417, 0, 9, 353, 352, 123, 7.32%, 0, 0, 3, 441.08
1669810422, 0, 9, 357, 356, 123, 7.65%, 0, 0, 3, 414.08
1669810427, 0, 9, 360, 359, 123, 7.66%, 0, 0, 3, 467.65
1669810433, 0, 9, 363, 362, 123, 7.66%, 0, 0, 3, 476.80
1669810438, 0, 9, 371, 370, 123, 7.66%, 0, 0, 3, 429.45
1669810443, 0, 9, 373, 372, 123, 7.66%, 0, 0, 3, 413.44
1669810448, 0, 9, 376, 375, 123, 7.66%, 0, 0, 3, 428.10
1669810453, 0, 9, 379, 378, 123, 7.67%, 0, 0, 3, 443.36
1669810458, 0, 9, 386, 385, 123, 7.69%, 0, 0, 3, 450.18
1669810463, 0, 9, 387, 386, 123, 7.69%, 0, 0, 3, 433.18
1669810468, 0, 9, 388, 387, 123, 7.69%, 0, 0, 3, 394.26
1669810473, 0, 9, 391, 390, 123, 7.86%, 0, 0, 3, 406.50
1669810483, 0, 9, 394, 393, 123, 7.86%, 0, 0, 3, 352.44
1669810488, 0, 9, 398, 397, 123, 7.90%, 0, 0, 3, 391.30
1669810493, 0, 10, 398, 396, 134, 7.90%, 0, 0, 3, 319.87
1669810498, 0, 10, 400, 398, 134, 7.90%, 0, 0, 3, 295.67
1669810504, 0, 10, 401, 399, 134, 7.91%, 0, 0, 3, 338.36
1669810534, 0, 10, 406, 404, 134, 7.91%, 0, 0, 3, 332.39
1669810539, 0, 10, 408, 406, 134, 7.91%, 0, 0, 3, 432.17
1669810545, 0, 10, 409, 407, 134, 7.91%, 0, 0, 3, 460.60
1669810550, 0, 10, 414, 412, 134, 7.95%, 0, 0, 3, 461.96
1669810565, 0, 10, 416, 414, 134, 7.95%, 0, 0, 3, 440.50
1669810570, 0, 10, 420, 418, 134, 7.96%, 0, 0, 3, 450.52
1669810580, 0, 10, 421, 419, 134, 7.96%, 0, 0, 3, 428.06
1669810585, 0, 10, 423, 421, 134, 7.97%, 0, 0, 3, 426.91
1669810590, 0, 10, 425, 423, 134, 7.97%, 0, 0, 3, 441.74
1669810596, 0, 10, 428, 426, 134, 7.99%, 0, 0, 3, 447.60
1669810606, 0, 10, 430, 428, 134, 7.99%, 0, 0, 3, 448.10
1669810611, 0, 11, 430, 427, 144, 7.99%, 0, 0, 3, 449.09
1669810616, 0, 11, 431, 428, 144, 7.99%, 0, 0, 3, 442.20
1669810641, 0, 11, 432, 429, 144, 7.99%, 0, 0, 3, 453.89
1669810647, 0, 13, 432, 428, 144, 7.99%, 0, 0, 3, 441.54
1669810682, 0, 13, 433, 429, 144, 7.99%, 0, 0, 3, 399.14
1669810687, 0, 25, 434, 429, 143, 7.99%, 0, 0, 3, 338.42
1669810697, 0, 25, 435, 430, 143, 8.00%, 0, 0, 3, 262.33
1669810722, 0, 25, 436, 431, 143, 8.00%, 0, 0, 3, 409.87
1669810728, 0, 25, 437, 432, 143, 8.00%, 0, 0, 3, 302.44
1669810733, 0, 25, 440, 435, 143, 8.01%, 0, 0, 3, 288.34
1669810738, 0, 25, 442, 437, 143, 8.01%, 0, 0, 3, 391.64
1669810743, 0, 25, 445, 440, 143, 8.01%, 0, 0, 3, 458.34
1669810748, 0, 25, 447, 442, 143, 8.01%, 0, 0, 3, 470.27
1669810753, 0, 25, 448, 443, 143, 8.04%, 0, 0, 3, 478.80
1669810758, 0, 25, 454, 449, 143, 8.05%, 0, 0, 3, 470.85
1669810764, 0, 25, 456, 451, 143, 8.05%, 0, 0, 3, 470.74
1669810769, 0, 25, 458, 453, 143, 8.05%, 0, 0, 3, 466.73
1669810779, 0, 25, 459, 454, 143, 8.05%, 0, 0, 3, 478.58
1669810784, 0, 25, 461, 456, 143, 8.05%, 0, 0, 3, 478.39
1669810789, 0, 25, 463, 458, 143, 8.05%, 0, 0, 3, 479.85
1669810794, 0, 25, 465, 460, 143, 8.05%, 0, 0, 3, 479.30
1669810799, 0, 31, 468, 462, 149, 8.06%, 0, 0, 3, 473.86
1669810805, 0, 31, 469, 463, 149, 8.06%, 0, 0, 3, 41.86
1669810815, 0, 31, 472, 466, 149, 8.06%, 0, 0, 3, 401.82
1669810830, 0, 31, 473, 467, 149, 8.06%, 0, 0, 3, 305.46
1669810835, 0, 31, 474, 468, 149, 8.06%, 0, 0, 3, 341.94
1669810841, 0, 31, 475, 469, 149, 8.06%, 0, 0, 3, 343.76
1669810851, 0, 31, 480, 474, 149, 8.09%, 0, 0, 3, 303.55
1669810856, 0, 31, 481, 475, 149, 8.09%, 0, 0, 3, 377.26
1669810861, 0, 31, 482, 476, 149, 8.09%, 0, 0, 3, 283.52
1669810866, 0, 31, 483, 477, 149, 8.09%, 0, 0, 3, 337.54
1669810871, 0, 31, 484, 478, 149, 8.09%, 0, 0, 3, 387.89
1669810876, 0, 31, 485, 479, 149, 8.09%, 0, 0, 3, 390.87
1669810882, 0, 31, 487, 481, 149, 8.15%, 0, 0, 3, 343.05
1669810887, 0, 31, 488, 482, 149, 8.15%, 0, 0, 3, 385.91
1669810892, 0, 31, 489, 483, 149, 8.15%, 0, 0, 3, 407.02
1669810902, 0, 31, 490, 484, 149, 8.15%, 0, 0, 3, 356.58
1669810907, 0, 31, 493, 487, 149, 8.15%, 0, 0, 3, 369.07
1669810912, 0, 31, 494, 488, 149, 8.15%, 0, 0, 3, 415.49
1669810917, 0, 31, 495, 489, 149, 8.15%, 0, 0, 3, 409.05
1669810928, 0, 31, 496, 490, 149, 8.15%, 0, 0, 3, 388.84
1669810933, 0, 39, 496, 489, 150, 8.15%, 0, 0, 3, 367.46
1669810948, 0, 39, 497, 490, 150, 8.15%, 0, 0, 3, 326.97
1669810983, 0, 40, 497, 489, 149, 8.15%, 0, 0, 3, 393.19
1669810999, 0, 40, 498, 490, 149, 8.15%, 0, 0, 3, 428.04
1669811024, 0, 44, 500, 491, 148, 8.15%, 0, 0, 3, 422.56
1669811029, 0, 44, 501, 492, 148, 8.15%, 0, 0, 3, 434.16
1669811034, 0, 44, 502, 493, 148, 8.15%, 0, 0, 3, 425.32
1669811060, 0, 45, 502, 492, 149, 8.15%, 0, 0, 3, 360.66
1669811065, 0, 45, 503, 493, 149, 8.15%, 0, 0, 3, 402.12
1669811100, 0, 46, 509, 498, 149, 8.16%, 0, 0, 3, 430.08
1669811105, 0, 46, 510, 499, 149, 8.16%, 0, 0, 3, 433.87
1669811110, 0, 46, 513, 502, 149, 8.18%, 0, 0, 3, 368.37
1669811116, 0, 46, 515, 504, 149, 8.19%, 0, 0, 3, 383.74
1669811121, 0, 46, 518, 507, 149, 8.20%, 0, 0, 3, 402.12
1669811126, 0, 46, 520, 509, 149, 8.20%, 0, 0, 3, 407.01
1669811131, 0, 46, 521, 510, 149, 8.20%, 0, 0, 3, 358.97
1669811141, 0, 46, 524, 513, 149, 8.20%, 0, 0, 3, 345.03
1669811146, 0, 46, 525, 514, 149, 8.20%, 0, 0, 3, 383.18
1669811151, 0, 46, 531, 520, 149, 8.20%, 0, 0, 3, 418.69
1669811166, 0, 46, 533, 522, 149, 8.25%, 0, 0, 3, 431.05
1669811182, 0, 46, 536, 525, 149, 8.25%, 0, 0, 3, 421.88
1669811187, 0, 46, 537, 526, 149, 8.25%, 0, 0, 3, 402.96
1669811192, 0, 46, 539, 528, 149, 8.25%, 0, 0, 3, 359.12
1669811197, 0, 46, 540, 529, 149, 8.26%, 0, 0, 3, 400.94
1669811202, 0, 46, 541, 530, 149, 8.26%, 0, 0, 3, 418.98
1669811207, 0, 46, 545, 534, 149, 8.29%, 0, 0, 3, 416.55
1669811212, 0, 46, 547, 536, 149, 8.29%, 0, 0, 3, 410.43
1669811217, 0, 49, 550, 538, 160, 8.30%, 0, 0, 3, 417.11
1669811222, 0, 49, 551, 539, 160, 8.31%, 0, 0, 3, 417.61
1669811258, 0, 49, 553, 541, 160, 8.31%, 0, 0, 3, 438.00
1669811263, 0, 51, 554, 541, 161, 8.31%, 0, 0, 3, 425.21
1669811268, 0, 51, 558, 545, 161, 8.32%, 0, 0, 3, 412.10
1669811299, 0, 51, 560, 547, 161, 8.34%, 0, 0, 3, 423.20
1669811304, 0, 51, 561, 548, 161, 8.34%, 0, 0, 3, 435.49
1669811309, 0, 51, 564, 551, 161, 8.34%, 0, 0, 3, 431.96
1669811314, 0, 51, 565, 552, 161, 8.34%, 0, 0, 3, 432.24
1669811319, 0, 51, 566, 553, 161, 8.34%, 0, 0, 3, 432.67
1669811324, 0, 51, 569, 556, 161, 8.34%, 0, 0, 3, 430.90
1669811329, 0, 51, 571, 558, 161, 8.34%, 0, 0, 3, 428.49
1669811335, 0, 51, 572, 559, 161, 8.36%, 0, 0, 3, 426.77
1669811340, 0, 51, 574, 561, 161, 8.36%, 0, 0, 3, 430.68
1669811345, 0, 51, 576, 563, 161, 8.36%, 0, 0, 3, 432.61
1669811350, 0, 51, 577, 564, 161, 8.36%, 0, 0, 3, 437.09
1669811355, 0, 51, 578, 565, 161, 8.40%, 0, 0, 3, 438.56
1669811365, 0, 51, 579, 566, 161, 8.41%, 0, 0, 3, 433.49
1669811370, 0, 51, 580, 567, 161, 8.41%, 0, 0, 3, 431.41
1669811375, 0, 53, 581, 567, 165, 8.41%, 0, 0, 3, 437.78
1669811411, 0, 55, 581, 566, 164, 8.41%, 0, 0, 3, 458.26
1669811446, 0, 58, 582, 566, 163, 8.43%, 0, 0, 3, 448.13
1669811456, 0, 58, 584, 568, 163, 8.44%, 0, 0, 3, 439.73
1669811461, 0, 58, 585, 569, 163, 8.44%, 0, 0, 3, 436.37
1669811487, 0, 62, 585, 568, 165, 8.44%, 0, 0, 3, 421.44
1669811503, 0, 62, 586, 569, 165, 8.44%, 0, 0, 3, 398.56
1669811523, 0, 62, 588, 571, 165, 8.44%, 0, 0, 3, 425.29
1669811528, 0, 62, 589, 572, 165, 8.45%, 0, 0, 3, 418.96
1669811534, 0, 62, 593, 576, 165, 8.47%, 0, 0, 3, 417.69
1669811539, 0, 62, 594, 577, 165, 8.47%, 0, 0, 3, 428.44
1669811544, 0, 62, 597, 580, 165, 8.47%, 0, 0, 3, 431.87
1669811554, 0, 62, 598, 581, 165, 8.47%, 0, 0, 3, 434.57
1669811559, 0, 62, 599, 582, 165, 8.47%, 0, 0, 3, 433.28
1669811564, 0, 62, 600, 583, 165, 8.47%, 0, 0, 3, 426.31
1669811580, 0, 62, 601, 584, 165, 8.47%, 0, 0, 3, 426.94
1669811590, 0, 62, 603, 586, 165, 8.47%, 0, 0, 3, 439.01
1669811595, 0, 62, 604, 587, 165, 8.47%, 0, 0, 3, 435.78
1669811600, 0, 63, 604, 586, 167, 8.47%, 0, 0, 3, 430.75
1669811636, 0, 65, 605, 586, 167, 8.47%, 0, 0, 3, 439.19
1669811646, 0, 65, 607, 588, 167, 8.48%, 0, 0, 3, 429.20
1669811677, 0, 65, 609, 590, 167, 8.48%, 0, 0, 3, 428.36
1669811682, 0, 69, 609, 589, 168, 8.48%, 0, 0, 3, 425.65
1669811707, 0, 69, 610, 590, 168, 8.48%, 0, 0, 3, 413.31
1669811717, 0, 75, 610, 589, 167, 8.48%, 0, 0, 3, 410.31
1669811722, 0, 75, 611, 590, 167, 8.48%, 0, 0, 3, 397.26
1669811757, 0, 77, 612, 590, 168, 8.48%, 0, 0, 3, 416.83
1669811773, 0, 77, 613, 591, 168, 8.48%, 0, 0, 3, 405.13
1669811793, 0, 77, 619, 597, 168, 8.48%, 0, 0, 3, 391.42
1669811798, 0, 79, 619, 596, 167, 8.48%, 0, 0, 3, 411.07
1669811834, 0, 79, 620, 597, 167, 8.48%, 0, 0, 3, 425.79
1669811839, 0, 81, 620, 596, 166, 8.48%, 0, 0, 3, 416.30
1669811849, 0, 81, 621, 597, 166, 8.48%, 0, 0, 3, 407.43
1669811864, 0, 81, 622, 598, 166, 8.48%, 0, 0, 3, 406.22
1669811869, 0, 81, 623, 599, 166, 8.48%, 0, 0, 3, 404.57
1669811874, 0, 81, 624, 600, 166, 8.48%, 0, 0, 3, 414.69
1669811879, 0, 88, 624, 599, 165, 8.48%, 0, 0, 3, 412.40
1669811920, 0, 89, 624, 598, 164, 8.48%, 0, 0, 3, 435.42
1669811956, 0, 89, 625, 599, 164, 8.48%, 0, 0, 3, 428.87
1669811961, 0, 92, 625, 598, 163, 8.48%, 0, 0, 3, 422.29
1669811971, 0, 92, 626, 599, 163, 8.48%, 0, 0, 3, 419.42
1669811987, 0, 92, 627, 600, 163, 8.48%, 0, 0, 3, 412.17
1669811997, 0, 95, 629, 601, 162, 8.49%, 0, 0, 3, 416.68
1669812033, 0, 97, 629, 600, 162, 8.49%, 0, 0, 3, 421.14
1669812038, 0, 97, 631, 602, 162, 8.50%, 0, 0, 3, 459.84
1669812048, 0, 97, 632, 603, 162, 8.50%, 0, 0, 3, 471.72
1669812068, 0, 100, 632, 602, 162, 8.50%, 0, 0, 3, 424.94
1669812109, 0, 102, 632, 601, 161, 8.50%, 0, 0, 3, 191.71
1669812150, 0, 105, 632, 600, 160, 8.50%, 0, 0, 3, 430.94
1669812160, 0, 105, 633, 601, 160, 8.50%, 0, 0, 3, 437.79
1669812186, 0, 108, 633, 600, 159, 8.50%, 0, 0, 3, 432.01
1669812201, 0, 108, 635, 602, 159, 8.50%, 0, 0, 3, 419.84
1669812226, 0, 145, 635, 601, 160, 8.50%, 0, 0, 3, 419.80
1669812252, 0, 145, 636, 602, 160, 8.50%, 0, 0, 3, 421.89
1669812262, 0, 147, 636, 601, 159, 8.50%, 0, 0, 3, 428.55
1669812272, 0, 147, 637, 602, 159, 8.50%, 0, 0, 3, 427.92
1669812293, 0, 147, 639, 604, 159, 8.50%, 0, 0, 3, 410.43
1669812298, 0, 147, 650, 615, 159, 8.54%, 0, 0, 3, 397.33
1669812303, 0, 151, 658, 622, 165, 8.62%, 0, 0, 3, 394.89
1669812308, 0, 151, 661, 625, 165, 8.63%, 0, 0, 3, 399.84
1669812314, 0, 151, 664, 628, 165, 8.64%, 0, 0, 3, 402.77
1669812319, 0, 151, 668, 632, 165, 8.66%, 0, 0, 3, 407.89
1669812324, 0, 151, 671, 635, 165, 8.66%, 0, 0, 3, 401.09
1669812329, 0, 151, 678, 642, 165, 8.77%, 0, 0, 3, 407.84
1669812354, 0, 151, 679, 643, 165, 8.77%, 0, 0, 3, 412.18
1669812359, 0, 151, 684, 648, 165, 8.77%, 0, 0, 3, 406.32
1669812364, 0, 151, 688, 652, 165, 8.77%, 0, 0, 3, 407.85
1669812369, 0, 151, 691, 655, 165, 8.79%, 0, 0, 3, 408.70
1669812374, 0, 151, 696, 660, 165, 8.80%, 0, 0, 3, 417.57
1669812379, 0, 151, 702, 666, 165, 8.80%, 0, 0, 3, 420.41
1669812385, 0, 151, 707, 671, 165, 8.80%, 0, 0, 3, 425.30
1669812390, 0, 151, 709, 673, 165, 8.80%, 0, 0, 3, 426.59
1669812395, 0, 151, 713, 677, 165, 8.80%, 0, 0, 3, 429.24
1669812400, 0, 151, 714, 678, 165, 8.80%, 0, 0, 3, 427.18
1669812405, 0, 151, 719, 683, 165, 8.80%, 0, 0, 3, 426.23
1669812410, 0, 151, 722, 686, 165, 8.80%, 0, 0, 3, 428.05
1669812421, 0, 151, 725, 689, 165, 8.82%, 0, 0, 3, 342.22
1669812426, 0, 151, 728, 692, 165, 8.82%, 0, 0, 3, 398.07
1669812431, 0, 151, 731, 695, 165, 8.82%, 0, 0, 3, 405.88
1669812436, 0, 171, 734, 697, 178, 8.83%, 0, 0, 3, 416.16
1669812446, 0, 171, 736, 699, 178, 8.83%, 0, 0, 3, 315.32
1669812456, 0, 171, 739, 702, 178, 8.92%, 0, 0, 3, 344.47
1669812492, 0, 171, 744, 707, 178, 8.92%, 0, 0, 3, 345.44
1669812502, 0, 172, 746, 708, 185, 8.92%, 0, 0, 3, 373.96
1669812507, 0, 172, 748, 710, 185, 8.93%, 0, 0, 3, 369.85
1669812517, 0, 172, 751, 713, 185, 9.01%, 0, 0, 3, 379.89
1669812548, 0, 172, 752, 714, 185, 9.03%, 0, 0, 3, 378.28
1669812553, 0, 172, 757, 719, 185, 9.03%, 0, 0, 3, 362.90
1669812558, 0, 172, 758, 720, 185, 9.03%, 0, 0, 3, 363.68
1669812563, 0, 180, 759, 720, 190, 9.03%, 0, 0, 3, 370.55
1669812578, 0, 180, 761, 722, 190, 9.03%, 0, 0, 3, 375.71
1669812604, 0, 180, 764, 725, 190, 9.35%, 0, 0, 3, 356.49
1669812609, 0, 180, 766, 727, 190, 9.38%, 0, 0, 3, 359.86
1669812619, 0, 180, 769, 730, 190, 9.38%, 0, 0, 3, 377.25
1669812635, 0, 181, 769, 729, 190, 9.38%, 0, 0, 3, 393.92
1669812640, 0, 181, 772, 732, 190, 9.39%, 0, 0, 3, 379.98
1669812676, 0, 181, 774, 734, 190, 9.39%, 0, 0, 3, 376.93
1669812681, 0, 181, 775, 735, 190, 9.39%, 0, 0, 3, 376.60
1669812696, 0, 184, 780, 739, 189, 9.39%, 0, 0, 3, 382.38
1669812701, 0, 184, 781, 740, 189, 9.40%, 0, 0, 3, 369.11
1669812742, 0, 184, 784, 743, 189, 9.40%, 0, 0, 3, 371.77
1669812758, 0, 184, 785, 744, 189, 9.42%, 0, 0, 3, 391.86
1669812763, 0, 185, 790, 748, 194, 9.43%, 0, 0, 3, 388.36
1669812768, 0, 185, 791, 749, 194, 9.44%, 0, 0, 3, 378.13
1669812808, 0, 185, 793, 751, 194, 9.44%, 0, 0, 3, 329.54
1669812824, 0, 185, 795, 753, 194, 9.45%, 0, 0, 3, 382.98
1669812829, 0, 189, 795, 752, 201, 9.45%, 0, 0, 3, 400.68
1669812875, 0, 189, 797, 754, 201, 9.48%, 0, 0, 3, 402.15
1669812880, 0, 191, 797, 753, 199, 9.48%, 0, 0, 3, 403.96
1669812890, 0, 191, 798, 754, 199, 9.48%, 0, 0, 3, 402.63
1669812931, 0, 192, 800, 755, 199, 9.48%, 0, 0, 3, 406.32
1669812936, 0, 192, 802, 757, 199, 9.48%, 0, 0, 3, 394.62
1669812977, 0, 192, 804, 759, 199, 9.54%, 0, 0, 3, 372.81
1669812983, 0, 193, 804, 758, 201, 9.54%, 0, 0, 3, 48.43
1669812988, 0, 193, 805, 759, 201, 9.54%, 0, 0, 3, 299.82
1669812994, 0, 193, 806, 760, 201, 9.54%, 0, 0, 3, 371.39
1669813045, 0, 198, 807, 760, 200, 9.54%, 0, 0, 3, 367.33
1669813086, 0, 199, 807, 759, 200, 9.54%, 0, 0, 3, 392.16
1669813096, 0, 199, 808, 760, 200, 9.55%, 0, 0, 3, 407.82
1669813106, 0, 199, 809, 761, 200, 9.55%, 0, 0, 3, 409.02
1669813142, 0, 200, 809, 760, 200, 9.55%, 0, 0, 3, 403.89
1669813157, 0, 202, 809, 759, 199, 9.55%, 0, 0, 3, 426.57
1669813188, 0, 208, 809, 758, 198, 9.55%, 0, 0, 3, 426.56
1669813198, 0, 216, 809, 757, 197, 9.55%, 0, 0, 3, 399.71
1669813203, 0, 220, 809, 756, 196, 9.55%, 0, 0, 3, 403.04
1669813208, 0, 220, 810, 757, 196, 9.56%, 0, 0, 3, 408.87
1669813218, 0, 245, 810, 756, 196, 9.56%, 0, 0, 3, 407.84
1669813233, 0, 246, 811, 756, 195, 9.56%, 0, 0, 3, 406.82
1669813244, 0, 248, 811, 755, 194, 9.56%, 0, 0, 3, 382.96
1669813254, 0, 248, 812, 756, 194, 9.56%, 0, 0, 3, 382.82
1669813264, 0, 252, 812, 755, 193, 9.56%, 0, 0, 3, 378.06
1669813274, 0, 257, 812, 754, 192, 9.56%, 0, 0, 3, 397.30
1669813310, 0, 257, 813, 755, 192, 9.56%, 0, 0, 3, 410.00
1669813315, 0, 279, 813, 754, 191, 9.56%, 0, 0, 3, 386.76
1669813320, 0, 279, 815, 756, 191, 9.56%, 0, 0, 3, 359.32
1669813330, 0, 279, 816, 757, 191, 9.57%, 0, 0, 3, 372.27
1669813335, 0, 279, 819, 760, 191, 9.57%, 0, 0, 3, 362.06
1669813340, 0, 279, 821, 762, 191, 9.57%, 0, 0, 3, 363.33
1669813371, 0, 279, 822, 763, 191, 9.57%, 0, 0, 3, 347.04
1669813416, 0, 281, 822, 762, 193, 9.57%, 0, 0, 3, 364.40
1669813426, 0, 281, 824, 764, 193, 9.57%, 0, 0, 3, 373.53
1669813447, 0, 281, 825, 765, 193, 9.59%, 0, 0, 3, 370.94
1669813452, 0, 281, 828, 768, 193, 9.65%, 0, 0, 3, 364.54
1669813457, 0, 281, 829, 769, 193, 9.65%, 0, 0, 3, 382.96
1669813462, 0, 281, 830, 770, 193, 9.65%, 0, 0, 3, 394.29
1669813468, 0, 282, 834, 773, 194, 9.65%, 0, 0, 3, 399.74
1669813473, 0, 286, 834, 772, 195, 9.65%, 0, 0, 3, 403.03
1669813483, 0, 286, 837, 775, 195, 9.65%, 0, 0, 3, 405.34
1669813488, 0, 299, 838, 775, 194, 9.66%, 0, 0, 3, 411.24
1669813539, 0, 303, 838, 774, 194, 9.66%, 0, 0, 3, 431.94
1669813549, 0, 303, 839, 775, 194, 9.67%, 0, 0, 3, 418.29
1669813575, 0, 303, 841, 777, 194, 9.67%, 0, 0, 3, 363.12
1669813580, 0, 303, 842, 778, 194, 9.67%, 0, 0, 3, 387.10
1669813585, 0, 306, 843, 778, 196, 9.68%, 0, 0, 3, 427.69
1669813620, 0, 307, 846, 780, 196, 9.69%, 0, 0, 3, 395.16
1669813636, 0, 307, 847, 781, 196, 9.69%, 0, 0, 3, 373.17
1669813641, 0, 307, 848, 782, 196, 9.69%, 0, 0, 3, 379.15
1669813646, 0, 307, 850, 784, 196, 9.69%, 0, 0, 3, 370.48
1669813687, 0, 313, 850, 783, 201, 9.69%, 0, 0, 3, 356.08
1669813729, 0, 313, 851, 784, 201, 9.69%, 0, 0, 3, 399.15
1669813734, 0, 322, 872, 804, 200, 9.82%, 0, 0, 3, 355.27
1669813739, 0, 322, 882, 814, 200, 9.83%, 0, 0, 3, 351.22
1669813744, 0, 322, 887, 819, 200, 9.84%, 0, 0, 3, 357.77
1669813749, 0, 322, 888, 820, 200, 9.84%, 0, 0, 3, 349.02
1669813759, 0, 322, 908, 840, 200, 9.97%, 0, 0, 3, 332.03
1669813764, 0, 322, 909, 841, 200, 9.97%, 0, 0, 3, 284.07
1669813785, 0, 322, 910, 842, 200, 9.99%, 0, 0, 3, 331.55
1669813790, 0, 322, 917, 849, 200, 10.07%, 0, 0, 3, 333.23
1669813795, 0, 322, 918, 850, 200, 10.08%, 0, 0, 3, 341.54
1669813800, 0, 322, 919, 851, 200, 10.08%, 0, 0, 3, 340.42
1669813805, 0, 322, 937, 869, 200, 10.08%, 0, 0, 3, 322.01
1669813816, 0, 322, 938, 870, 200, 10.08%, 0, 0, 3, 362.17
1669813821, 0, 323, 938, 869, 223, 10.08%, 0, 0, 3, 365.97
1669813836, 0, 323, 943, 874, 223, 10.23%, 0, 0, 3, 358.11
1669813841, 0, 328, 943, 873, 224, 10.23%, 0, 0, 3, 373.11
1669813847, 0, 328, 945, 875, 224, 10.23%, 0, 0, 3, 379.68
1669813882, 0, 329, 946, 875, 223, 10.23%, 0, 0, 3, 363.34
1669813918, 0, 329, 947, 876, 223, 10.23%, 0, 0, 3, 362.28
1669813928, 0, 329, 949, 878, 223, 10.24%, 0, 0, 3, 380.92
1669813933, 0, 329, 951, 880, 223, 10.24%, 0, 0, 3, 389.42
1669813939, 0, 329, 952, 881, 223, 10.24%, 0, 0, 3, 386.16
1669813944, 0, 329, 953, 882, 223, 10.24%, 0, 0, 3, 392.63
1669813949, 0, 329, 954, 883, 223, 10.24%, 0, 0, 3, 387.75
1669813954, 0, 329, 956, 885, 223, 10.24%, 0, 0, 3, 391.82
1669813970, 0, 329, 957, 886, 223, 10.24%, 0, 0, 3, 386.57
1669813975, 0, 329, 958, 887, 223, 10.24%, 0, 0, 3, 385.92
1669813980, 0, 329, 960, 889, 223, 10.24%, 0, 0, 3, 389.00
1669813985, 0, 329, 961, 890, 223, 10.24%, 0, 0, 3, 390.64
1669813990, 0, 329, 964, 893, 223, 10.24%, 0, 0, 3, 316.08
1669814000, 0, 329, 965, 894, 223, 10.24%, 0, 0, 3, 369.35
1669814005, 0, 329, 966, 895, 223, 10.24%, 0, 0, 3, 387.78
1669814010, 0, 332, 974, 902, 225, 10.24%, 0, 0, 3, 375.66
1669814015, 0, 332, 978, 906, 225, 10.24%, 0, 0, 3, 363.91
1669814020, 0, 332, 979, 907, 225, 10.24%, 0, 0, 3, 367.77
1669814025, 0, 332, 981, 909, 225, 10.26%, 0, 0, 3, 375.75
1669814035, 0, 332, 987, 915, 225, 10.29%, 0, 0, 3, 367.52
1669814040, 0, 332, 990, 918, 225, 10.35%, 0, 0, 3, 356.54
1669814045, 0, 332, 993, 921, 225, 10.35%, 0, 0, 3, 361.34
1669814050, 0, 332, 995, 923, 225, 10.36%, 0, 0, 3, 377.14
1669814055, 0, 332, 996, 924, 225, 10.37%, 0, 0, 3, 375.33
1669814061, 0, 332, 997, 925, 225, 10.37%, 0, 0, 3, 370.61
1669814066, 0, 332, 998, 926, 225, 10.37%, 0, 0, 3, 364.49
1669814071, 0, 332, 999, 927, 225, 10.38%, 0, 0, 3, 371.94
1669814076, 0, 332, 1000, 928, 225, 10.38%, 0, 0, 3, 363.79
1669814081, 0, 332, 1001, 929, 225, 10.38%, 0, 0, 3, 359.12
1669814086, 0, 332, 1002, 930, 225, 10.39%, 0, 0, 3, 363.93
1669814091, 0, 332, 1006, 934, 225, 10.40%, 0, 0, 3, 337.95
1669814107, 0, 332, 1007, 935, 225, 10.40%, 0, 0, 3, 349.18
